/*--------------------------------*- C++ -*----------------------------------*\
| =========                 |                                                 |
| \\      /  F ield         | OpenFOAM: The Open Source CFD Toolbox           |
|  \\    /   O peration     | Version:  2.3.0                                 |
|   \\  /    A nd           | Web:      www.OpenFOAM.org                      |
|    \\/     M anipulation  |                                                 |
\*---------------------------------------------------------------------------*/
FoamFile
{
    version     2.0;
    format      ascii;
    class       regIOobject;
    location    "constant/polyMesh";
    object      faceZones;
}
// * * * * * * * * * * * * * * * * * * * * * * * * * * * * * * * * * * * * * //

4
(
tapaIzquierda
{
    type faceZone;
faceLabels      List<label> 
200
(
272
671
1070
1469
1868
2267
2666
3065
3464
3863
4262
4661
5060
5459
5858
6257
6656
7055
7454
7853
8252
8651
9050
9449
9848
10247
10646
11045
11444
11843
12242
12641
13040
13439
13838
14237
14636
15035
15434
15833
16232
16631
17030
17429
17828
18227
18626
19025
19424
19823
20222
20621
21020
21419
21818
22217
22616
23015
23414
23813
24212
24611
25010
25409
25808
26207
26606
27005
27404
27803
28202
28601
29000
29399
29798
30197
30596
30995
31394
31793
32192
32591
32990
33389
33788
34187
34586
34985
35384
35783
36182
36581
36980
37379
37778
38177
38576
38975
39374
39773
40172
40571
40970
41369
41768
42167
42566
42965
43364
43763
44162
44561
44960
45359
45758
46157
46556
46955
47354
47753
48152
48551
48950
49349
49748
50147
50546
50945
51344
51743
52142
52541
52940
53339
53738
54137
54536
54935
55334
55733
56132
56531
56930
57329
57728
58127
58526
58925
59324
59723
60122
60521
60920
61319
61718
62117
62516
62915
63314
63713
64112
64511
64910
65309
65708
66107
66506
66905
67304
67703
68102
68501
68900
69299
69698
70097
70496
70895
71294
71693
72092
72491
72890
73289
73688
74087
74486
74885
75284
75683
76082
76481
76880
77279
77678
78077
78476
78875
79274
79537
)
;
flipMap         List<bool> 200{1};
}

tapaDerecha
{
    type faceZone;
faceLabels      List<label> 
200
(
322
721
1120
1519
1918
2317
2716
3115
3514
3913
4312
4711
5110
5509
5908
6307
6706
7105
7504
7903
8302
8701
9100
9499
9898
10297
10696
11095
11494
11893
12292
12691
13090
13489
13888
14287
14686
15085
15484
15883
16282
16681
17080
17479
17878
18277
18676
19075
19474
19873
20272
20671
21070
21469
21868
22267
22666
23065
23464
23863
24262
24661
25060
25459
25858
26257
26656
27055
27454
27853
28252
28651
29050
29449
29848
30247
30646
31045
31444
31843
32242
32641
33040
33439
33838
34237
34636
35035
35434
35833
36232
36631
37030
37429
37828
38227
38626
39025
39424
39823
40222
40621
41020
41419
41818
42217
42616
43015
43414
43813
44212
44611
45010
45409
45808
46207
46606
47005
47404
47803
48202
48601
49000
49399
49798
50197
50596
50995
51394
51793
52192
52591
52990
53389
53788
54187
54586
54985
55384
55783
56182
56581
56980
57379
57778
58177
58576
58975
59374
59773
60172
60571
60970
61369
61768
62167
62566
62965
63364
63763
64162
64561
64960
65359
65758
66157
66556
66955
67354
67753
68152
68551
68950
69349
69748
70147
70546
70945
71344
71743
72142
72541
72940
73339
73738
74137
74536
74935
75334
75733
76132
76531
76930
77329
77728
78127
78526
78925
79324
79562
)
;
flipMap         List<bool> 200{0};
}

tapaArriba
{
    type faceZone;
faceLabels      List<label> 
200
(
44290
44292
44294
44296
44298
44300
44302
44304
44306
44308
44310
44312
44314
44316
44318
44320
44322
44324
44326
44328
44330
44332
44334
44336
44338
44340
44342
44344
44346
44348
44350
44352
44354
44356
44358
44360
44362
44364
44366
44368
44370
44372
44374
44376
44378
44380
44382
44384
44386
44388
44390
44392
44394
44396
44398
44400
44402
44404
44406
44408
44410
44412
44414
44416
44418
44420
44422
44424
44426
44428
44430
44432
44434
44436
44438
44440
44442
44444
44446
44448
44450
44452
44454
44456
44458
44460
44462
44464
44466
44468
44470
44472
44474
44476
44478
44480
44482
44484
44486
44488
44490
44492
44494
44496
44498
44500
44502
44504
44506
44508
44510
44512
44514
44516
44518
44520
44522
44524
44526
44528
44530
44532
44534
44536
44538
44540
44542
44544
44546
44548
44550
44552
44554
44556
44558
44560
44562
44564
44566
44568
44570
44572
44574
44576
44578
44580
44582
44584
44586
44588
44590
44592
44594
44596
44598
44600
44602
44604
44606
44608
44610
44612
44614
44616
44618
44620
44622
44624
44626
44628
44630
44632
44634
44636
44638
44640
44642
44644
44646
44648
44650
44652
44654
44656
44658
44660
44662
44664
44666
44668
44670
44672
44674
44676
44678
44680
44682
44684
44686
44687
)
;
flipMap         List<bool> 200{0};
}

tapaAbajo
{
    type faceZone;
faceLabels      List<label> 
200
(
34315
34317
34319
34321
34323
34325
34327
34329
34331
34333
34335
34337
34339
34341
34343
34345
34347
34349
34351
34353
34355
34357
34359
34361
34363
34365
34367
34369
34371
34373
34375
34377
34379
34381
34383
34385
34387
34389
34391
34393
34395
34397
34399
34401
34403
34405
34407
34409
34411
34413
34415
34417
34419
34421
34423
34425
34427
34429
34431
34433
34435
34437
34439
34441
34443
34445
34447
34449
34451
34453
34455
34457
34459
34461
34463
34465
34467
34469
34471
34473
34475
34477
34479
34481
34483
34485
34487
34489
34491
34493
34495
34497
34499
34501
34503
34505
34507
34509
34511
34513
34515
34517
34519
34521
34523
34525
34527
34529
34531
34533
34535
34537
34539
34541
34543
34545
34547
34549
34551
34553
34555
34557
34559
34561
34563
34565
34567
34569
34571
34573
34575
34577
34579
34581
34583
34585
34587
34589
34591
34593
34595
34597
34599
34601
34603
34605
34607
34609
34611
34613
34615
34617
34619
34621
34623
34625
34627
34629
34631
34633
34635
34637
34639
34641
34643
34645
34647
34649
34651
34653
34655
34657
34659
34661
34663
34665
34667
34669
34671
34673
34675
34677
34679
34681
34683
34685
34687
34689
34691
34693
34695
34697
34699
34701
34703
34705
34707
34709
34711
34712
)
;
flipMap         List<bool> 200{1};
}
)

// ************************************************************************* //
