/*--------------------------------*- C++ -*----------------------------------*\
| =========                 |                                                 |
| \\      /  F ield         | OpenFOAM: The Open Source CFD Toolbox           |
|  \\    /   O peration     | Version:  2.3.0                                 |
|   \\  /    A nd           | Web:      www.OpenFOAM.org                      |
|    \\/     M anipulation  |                                                 |
\*---------------------------------------------------------------------------*/
FoamFile
{
    version     2.0;
    format      ascii;
    class       volScalarField;
    location    "0";
    object      V;
}
// * * * * * * * * * * * * * * * * * * * * * * * * * * * * * * * * * * * * * //

dimensions      [0 3 0 0 0 0 0];

internalField   nonuniform List<scalar> 
1600
(
0.000625
0.000625
0.000625
0.000625
0.000625
0.000625
0.000625
0.000625
0.000625
0.000625
0.000625
0.000625
0.000625
0.000625
0.000625
0.000625
0.000625
0.000625
0.000625
0.000625
0.000625
0.000625
0.000625
0.000625
0.000625
0.000625
0.000625
0.000625
0.000625
0.000625
0.000625
0.000625
0.000625
0.000625
0.000625
0.000625
0.000625
0.000625
0.000625
0.000625
0.000625
0.000625
0.000625
0.000625
0.000625
0.000625
0.000625
0.000625
0.000625
0.000625
0.000625
0.000625
0.000625
0.000625
0.000625
0.000625
0.000625
0.000625
0.000625
0.000625
0.000625
0.000625
0.000625
0.000625
0.000625
0.000625
0.000625
0.000625
0.000625
0.000625
0.000625
0.000625
0.000625
0.000625
0.000625
0.000625
0.000625
0.000625
0.000625
0.000625
0.000625
0.000625
0.000625
0.000625
0.000625
0.000625
0.000625
0.000625
0.000625
0.000625
0.000625
0.000625
0.000625
0.000625
0.000625
0.000625
0.000625
0.000625
0.000625
0.000625
0.000625
0.000625
0.000625
0.000625
0.000625
0.000625
0.000625
0.000625
0.000625
0.000625
0.000625
0.000625
0.000625
0.000625
0.000625
0.000625
0.000625
0.000625
0.000625
0.000625
0.000625
0.000625
0.000625
0.000625
0.000625
0.000625
0.000625
0.000625
0.000625
0.000625
0.000625
0.000625
0.000625
0.000625
0.000625
0.000625
0.000625
0.000625
0.000625
0.000625
0.000625
0.000625
0.000625
0.000625
0.000625
0.000625
0.000625
0.000625
0.000625
0.000625
0.000625
0.000625
0.000625
0.000625
0.000625
0.000625
0.000625
0.000625
0.000625
0.000625
0.000625
0.000625
0.000625
0.000625
0.000625
0.000625
0.000625
0.000625
0.000625
0.000625
0.000625
0.000625
0.000625
0.000625
0.000625
0.000625
0.000625
0.000625
0.000625
0.000625
0.000625
0.000625
0.000625
0.000625
0.000625
0.000625
0.000625
0.000625
0.000625
0.000625
0.000625
0.000625
0.000625
0.000625
0.000625
0.000625
0.000625
0.000625
0.000625
0.000625
0.000625
0.000625
0.000625
0.000625
0.000625
0.000625
0.000625
0.000625
0.000625
0.000625
0.000625
0.000625
0.000625
0.000625
0.000625
0.000625
0.000625
0.000625
0.000625
0.000625
0.000625
0.000625
0.000625
0.000625
0.000625
0.000625
0.000625
0.000625
0.000625
0.000625
0.000625
0.000625
0.000625
0.000625
0.000625
0.000625
0.000625
0.000625
0.000625
0.000625
0.000625
0.000625
0.000625
0.000625
0.000625
0.000625
0.000625
0.000625
0.000625
0.000625
0.000625
0.000625
0.000625
0.000625
0.000625
0.000625
0.000625
0.000625
0.000625
0.000625
0.000625
0.000625
0.000625
0.000625
0.000625
0.000625
0.000625
0.000625
0.000625
0.000625
0.000625
0.000625
0.000625
0.000625
0.000625
0.000625
0.000625
0.000625
0.000625
0.000625
0.000625
0.000625
0.000625
0.000625
0.000625
0.000625
0.000625
0.000625
0.000625
0.000625
0.000625
0.000625
0.000625
0.000625
0.000625
0.000625
0.000625
0.000625
0.000625
0.000625
0.000625
0.000625
0.000625
0.000625
0.000625
0.000625
0.000625
0.000625
0.000625
0.000625
0.000625
0.000625
0.000625
0.000625
0.000625
0.000625
0.000625
0.000625
0.000625
0.000625
0.000625
0.000625
0.000625
0.000625
0.000625
0.000625
0.000625
0.000625
0.000625
0.000625
0.000625
0.000625
0.000625
0.000625
0.000625
0.000625
0.000625
0.000625
0.000625
0.000625
0.000625
0.000625
0.000625
0.000625
0.000625
0.000625
0.000625
0.000625
0.000625
0.000625
0.000625
0.000625
0.000625
0.000625
0.000625
0.000625
0.000625
0.000625
0.000625
0.000625
0.000625
0.000625
0.000625
0.000625
0.000625
0.000625
0.000625
0.000625
0.000625
0.000625
0.000625
0.000625
0.000625
0.000625
0.000625
0.000625
0.000625
0.000625
0.000625
0.000625
0.000625
0.000625
0.000625
0.000625
0.000625
0.000625
0.000625
0.000625
0.000625
0.000625
0.000625
0.000625
0.000625
0.000625
0.000625
0.000625
0.000625
0.000625
0.000625
0.000625
0.000625
0.000625
0.000625
0.000625
0.000625
0.000625
0.000625
0.000625
0.000625
0.000625
0.000625
0.000625
0.000625
0.000625
0.000625
0.000625
0.000625
0.000625
0.000625
0.000625
0.000625
0.000625
0.000625
0.000625
0.000625
0.000625
0.000625
0.000625
0.000625
0.000625
0.000625
0.000625
0.000625
0.000625
0.000625
0.000625
0.000625
0.000625
0.000625
0.000625
0.000625
0.000625
0.000625
0.000625
0.000625
0.000625
0.000625
0.000625
0.000625
0.000625
0.000625
0.000625
0.000625
0.000625
0.000625
0.000625
0.000625
0.000625
0.000625
0.000625
0.000625
0.000625
0.000625
0.000625
0.000625
0.000625
0.000625
0.000625
0.000625
0.000625
0.000625
0.000625
0.000625
0.000625
0.000625
0.000625
0.000625
0.000625
0.000625
0.000625
0.000625
0.000625
0.000625
0.000625
0.000625
0.000625
0.000625
0.000625
0.000625
0.000625
0.000625
0.000625
0.000625
0.000625
0.000625
0.000625
0.000625
0.000625
0.000625
0.000625
0.000625
0.000625
0.000625
0.000625
0.000625
0.000625
0.000625
0.000625
0.000625
0.000625
0.000625
0.000625
0.000625
0.000625
0.000625
0.000625
0.000625
0.000625
0.000625
0.000625
0.000625
0.000625
0.000625
0.000625
0.000625
0.000625
0.000625
0.000625
0.000625
0.000625
0.000625
0.000625
0.000625
0.000625
0.000625
0.000625
0.000625
0.000625
0.000625
0.000625
0.000625
0.000625
0.000625
0.000625
0.000625
0.000625
0.000625
0.000625
0.000625
0.000625
0.000625
0.000625
0.000625
0.000625
0.000625
0.000625
0.000625
0.000625
0.000625
0.000625
0.000625
0.000625
0.000625
0.000625
0.000625
0.000625
0.000625
0.000625
0.000625
0.000625
0.000625
0.000625
0.000625
0.000625
0.000625
0.000625
0.000625
0.000625
0.000625
0.000625
0.000625
0.000625
0.000625
0.000625
0.000625
0.000625
0.000625
0.000625
0.000625
0.000625
0.000625
0.000625
0.000625
0.000625
0.000625
0.000625
0.000625
0.000625
0.000625
0.000625
0.000625
0.000625
0.000625
0.000625
0.000625
0.000625
0.000625
0.000625
0.000625
0.000625
0.000625
0.000625
0.000625
0.000625
0.000625
0.000625
0.000625
0.000625
0.000625
0.000625
0.000625
0.000625
0.000625
0.000625
0.000625
0.000625
0.000625
0.000625
0.000625
0.000625
0.000625
0.000625
0.000625
0.000625
0.000625
0.000625
0.000625
0.000625
0.000625
0.000625
0.000625
0.000625
0.000625
0.000625
0.000625
0.000625
0.000625
0.000625
0.000625
0.000625
0.000625
0.000625
0.000625
0.000625
0.000625
0.000625
0.000625
0.000625
0.000625
0.000625
0.000625
0.000625
0.000625
0.000625
0.000625
0.000625
0.000625
0.000625
0.000625
0.000625
0.000625
0.000625
0.000625
0.000625
0.000625
0.000625
0.000625
0.000625
0.000625
0.000625
0.000625
0.000625
0.000625
0.000625
0.000625
0.000625
0.000625
0.000625
0.000625
0.000625
0.000625
0.000625
0.000625
0.000625
0.000625
0.000625
0.000625
0.000625
0.000625
0.000625
0.000625
0.000625
0.000625
0.000625
0.000625
0.000625
0.000625
0.000625
0.000625
0.000625
0.000625
0.000625
0.000625
0.000625
0.000625
0.000625
0.000625
0.000625
0.000625
0.000625
0.000625
0.000625
0.000625
0.000625
0.000625
0.000625
0.000625
0.000625
0.000625
0.000625
0.000625
0.000625
0.000625
0.000625
0.000625
0.000625
0.000625
0.000625
0.000625
0.000625
0.000625
0.000625
0.000625
0.000625
0.000625
0.000625
0.000625
0.000625
0.000625
0.000625
0.000625
0.000625
0.000625
0.000625
0.000625
0.000625
0.000625
0.000625
0.000625
0.000625
0.000625
0.000625
0.000625
0.000625
0.000625
0.000625
0.000625
0.000625
0.000625
0.000625
0.000625
0.000625
0.000625
0.000625
0.000625
0.000625
0.000625
0.000625
0.000625
0.000625
0.000625
0.000625
0.000625
0.000625
0.000625
0.000625
0.000625
0.000625
0.000625
0.000625
0.000625
0.000625
0.000625
0.000625
0.000625
0.000625
0.000625
0.000625
0.000625
0.000625
0.000625
0.000625
0.000625
0.000625
0.000625
0.000625
0.000625
0.000625
0.000625
0.000625
0.000625
0.000625
0.000625
0.000625
0.000625
0.000625
0.000625
0.000625
0.000625
0.000625
0.000625
0.000625
0.000625
0.000625
0.000625
0.000625
0.000625
0.000625
0.000625
0.000625
0.000625
0.000625
0.000625
0.000625
0.000625
0.000625
0.000625
0.000625
0.000625
0.000625
0.000625
0.000625
0.000625
0.000625
0.000625
0.000625
0.000625
0.000625
0.000625
0.000625
0.000625
0.000625
0.000625
0.000625
0.000625
0.000625
0.000625
0.000625
0.000625
0.000625
0.000625
0.000625
0.000625
0.000625
0.000625
0.000625
0.000625
0.000625
0.000625
0.000625
0.000625
0.000625
0.000625
0.000625
0.000625
0.000625
0.000625
0.000625
0.000625
0.000625
0.000625
0.000625
0.000625
0.000625
0.000625
0.000625
0.000625
0.000625
0.000625
0.000625
0.000625
0.000625
0.000625
0.000625
0.000625
0.000625
0.000625
0.000625
0.000625
0.000625
0.000625
0.000625
0.000625
0.000625
0.000625
0.000625
0.000625
0.000625
0.000625
0.000625
0.000625
0.000625
0.000625
0.000625
0.000625
0.000625
0.000625
0.000625
0.000625
0.000625
0.000625
0.000625
0.000625
0.000625
0.000625
0.000625
0.000625
0.000625
0.000625
0.000625
0.000625
0.000625
0.000625
0.000625
0.000625
0.000625
0.000625
0.000625
0.000625
0.000625
0.000625
0.000625
0.000625
0.000625
0.000625
0.000625
0.000625
0.000625
0.000625
0.000625
0.000625
0.000625
0.000625
0.000625
0.000625
0.000625
0.000625
0.000625
0.000625
0.000625
0.000625
0.000625
0.000625
0.000625
0.000625
0.000625
0.000625
0.000625
0.000625
0.000625
0.000625
0.000625
0.000625
0.000625
0.000625
0.000625
0.000625
0.000625
0.000625
0.000625
0.000625
0.000625
0.000625
0.000625
0.000625
0.000625
0.000625
0.000625
0.000625
0.000625
0.000625
0.000625
0.000625
0.000625
0.000625
0.000625
0.000625
0.000625
0.000625
0.000625
0.000625
0.000625
0.000625
0.000625
0.000625
0.000625
0.000625
0.000625
0.000625
0.000625
0.000625
0.000625
0.000625
0.000625
0.000625
0.000625
0.000625
0.000625
0.000625
0.000625
0.000625
0.000625
0.000625
0.000625
0.000625
0.000625
0.000625
0.000625
0.000625
0.000625
0.000625
0.000625
0.000625
0.000625
0.000625
0.000625
0.000625
0.000625
0.000625
0.000625
0.000625
0.000625
0.000625
0.000625
0.000625
0.000625
0.000625
0.000625
0.000625
0.000625
0.000625
0.000625
0.000625
0.000625
0.000625
0.000625
0.000625
0.000625
0.000625
0.000625
0.000625
0.000625
0.000625
0.000625
0.000625
0.000625
0.000625
0.000625
0.000625
0.000625
0.000625
0.000625
0.000625
0.000625
0.000625
0.000625
0.000625
0.000625
0.000625
0.000625
0.000625
0.000625
0.000625
0.000625
0.000625
0.000625
0.000625
0.000625
0.000625
0.000625
0.000625
0.000625
0.000625
0.000625
0.000625
0.000625
0.000625
0.000625
0.000625
0.000625
0.000625
0.000625
0.000625
0.000625
0.000625
0.000625
0.000625
0.000625
0.000625
0.000625
0.000625
0.000625
0.000625
0.000625
0.000625
0.000625
0.000625
0.000625
0.000625
0.000625
0.000625
0.000625
0.000625
0.000625
0.000625
0.000625
0.000625
0.000625
0.000625
0.000625
0.000625
0.000625
0.000625
0.000625
0.000625
0.000625
0.000625
0.000625
0.000625
0.000625
0.000625
0.000625
0.000625
0.000625
0.000625
0.000625
0.000625
0.000625
0.000625
0.000625
0.000625
0.000625
0.000625
0.000625
0.000625
0.000625
0.000625
0.000625
0.000625
0.000625
0.000625
0.000625
0.000625
0.000625
0.000625
0.000625
0.000625
0.000625
0.000625
0.000625
0.000625
0.000625
0.000625
0.000625
0.000625
0.000625
0.000625
0.000625
0.000625
0.000625
0.000625
0.000625
0.000625
0.000625
0.000625
0.000625
0.000625
0.000625
0.000625
0.000625
0.000625
0.000625
0.000625
0.000625
0.000625
0.000625
0.000625
0.000625
0.000625
0.000625
0.000625
0.000625
0.000625
0.000625
0.000625
0.000625
0.000625
0.000625
0.000625
0.000625
0.000625
0.000625
0.000625
0.000625
0.000625
0.000625
0.000625
0.000625
0.000625
0.000625
0.000625
0.000625
0.000625
0.000625
0.000625
0.000625
0.000625
0.000625
0.000625
0.000625
0.000625
0.000625
0.000625
0.000625
0.000625
0.000625
0.000625
0.000625
0.000625
0.000625
0.000625
0.000625
0.000625
0.000625
0.000625
0.000625
0.000625
0.000625
0.000625
0.000625
0.000625
0.000625
0.000625
0.000625
0.000625
0.000625
0.000625
0.000625
0.000625
0.000625
0.000625
0.000625
0.000625
0.000625
0.000625
0.000625
0.000625
0.000625
0.000625
0.000625
0.000625
0.000625
0.000625
0.000625
0.000625
0.000625
0.000625
0.000625
0.000625
0.000625
0.000625
0.000625
0.000625
0.000625
0.000625
0.000625
0.000625
0.000625
0.000625
0.000625
0.000625
0.000625
0.000625
0.000625
0.000625
0.000625
0.000625
0.000625
0.000625
0.000625
0.000625
0.000625
0.000625
0.000625
0.000625
0.000625
0.000625
0.000625
0.000625
0.000625
0.000625
0.000625
0.000625
0.000625
0.000625
0.000625
0.000625
0.000625
0.000625
0.000625
0.000625
0.000625
0.000625
0.000625
0.000625
0.000625
0.000625
0.000625
0.000625
0.000625
0.000625
0.000625
0.000625
0.000625
0.000625
0.000625
0.000625
0.000625
0.000625
0.000625
0.000625
0.000625
0.000625
0.000625
0.000625
0.000625
0.000625
0.000625
0.000625
0.000625
0.000625
0.000625
0.000625
0.000625
0.000625
0.000625
0.000625
0.000625
0.000625
0.000625
0.000625
0.000625
0.000625
0.000625
0.000625
0.000625
0.000625
0.000625
0.000625
0.000625
0.000625
0.000625
0.000625
0.000625
0.000625
0.000625
0.000625
0.000625
0.000625
0.000625
0.000625
0.000625
0.000625
0.000625
0.000625
0.000625
0.000625
0.000625
0.000625
0.000625
0.000625
0.000625
0.000625
0.000625
0.000625
0.000625
0.000625
0.000625
0.000625
0.000625
0.000625
0.000625
0.000625
0.000625
0.000625
0.000625
0.000625
0.000625
0.000625
0.000625
0.000625
0.000625
0.000625
0.000625
0.000625
0.000625
0.000625
0.000625
0.000625
0.000625
0.000625
0.000625
0.000625
0.000625
0.000625
0.000625
0.000625
0.000625
0.000625
0.000625
0.000625
0.000625
0.000625
0.000625
0.000625
0.000625
0.000625
0.000625
0.000625
0.000625
0.000625
0.000625
0.000625
0.000625
0.000625
0.000625
0.000625
0.000625
0.000625
0.000625
0.000625
0.000625
0.000625
0.000625
0.000625
0.000625
0.000625
0.000625
0.000625
0.000625
0.000625
0.000625
0.000625
0.000625
0.000625
0.000625
0.000625
0.000625
0.000625
0.000625
0.000625
0.000625
0.000625
0.000625
0.000625
0.000625
0.000625
0.000625
0.000625
0.000625
0.000625
0.000625
0.000625
0.000625
0.000625
0.000625
0.000625
0.000625
0.000625
0.000625
0.000625
0.000625
0.000625
0.000625
0.000625
0.000625
0.000625
0.000625
0.000625
0.000625
0.000625
0.000625
0.000625
0.000625
0.000625
0.000625
0.000625
0.000625
0.000625
0.000625
0.000625
0.000625
0.000625
0.000625
0.000625
0.000625
0.000625
0.000625
0.000625
0.000625
0.000625
0.000625
0.000625
0.000625
0.000625
0.000625
0.000625
0.000625
0.000625
0.000625
0.000625
0.000625
0.000625
0.000625
0.000625
0.000625
0.000625
0.000625
0.000625
0.000625
0.000625
0.000625
0.000625
0.000625
0.000625
0.000625
0.000625
0.000625
0.000625
0.000625
0.000625
0.000625
0.000625
0.000625
0.000625
0.000625
0.000625
0.000625
0.000625
0.000625
0.000625
0.000625
0.000625
0.000625
0.000625
0.000625
0.000625
0.000625
0.000625
0.000625
0.000625
0.000625
0.000625
0.000625
0.000625
0.000625
0.000625
0.000625
0.000625
0.000625
0.000625
0.000625
0.000625
0.000625
0.000625
0.000625
0.000625
0.000625
0.000625
0.000625
0.000625
0.000625
0.000625
0.000625
0.000625
0.000625
0.000625
0.000625
0.000625
0.000625
)
;

boundaryField
{
    bottom
    {
        type            calculated;
        value           nonuniform List<scalar> 
40
(
0.025
0.025
0.025
0.025
0.025
0.025
0.025
0.025
0.025
0.025
0.025
0.025
0.025
0.025
0.025
0.025
0.025
0.025
0.025
0.025
0.025
0.025
0.025
0.025
0.025
0.025
0.025
0.025
0.025
0.025
0.025
0.025
0.025
0.025
0.025
0.025
0.025
0.025
0.025
0.025
)
;
    }
    top
    {
        type            calculated;
        value           nonuniform List<scalar> 
40
(
0.025
0.025
0.025
0.025
0.025
0.025
0.025
0.025
0.025
0.025
0.025
0.025
0.025
0.025
0.025
0.025
0.025
0.025
0.025
0.025
0.025
0.025
0.025
0.025
0.025
0.025
0.025
0.025
0.025
0.025
0.025
0.025
0.025
0.025
0.025
0.025
0.025
0.025
0.025
0.025
)
;
    }
    left
    {
        type            calculated;
        value           nonuniform List<scalar> 
40
(
0.025
0.025
0.025
0.025
0.025
0.025
0.025
0.025
0.025
0.025
0.025
0.025
0.025
0.025
0.025
0.025
0.025
0.025
0.025
0.025
0.025
0.025
0.025
0.025
0.025
0.025
0.025
0.025
0.025
0.025
0.025
0.025
0.025
0.025
0.025
0.025
0.025
0.025
0.025
0.025
)
;
    }
    right
    {
        type            calculated;
        value           nonuniform List<scalar> 
40
(
0.025
0.025
0.025
0.025
0.025
0.025
0.025
0.025
0.025
0.025
0.025
0.025
0.025
0.025
0.025
0.025
0.025
0.025
0.025
0.025
0.025
0.025
0.025
0.025
0.025
0.025
0.025
0.025
0.025
0.025
0.025
0.025
0.025
0.025
0.025
0.025
0.025
0.025
0.025
0.025
)
;
    }
    frontAndBack
    {
        type            empty;
    }
}


// ************************************************************************* //
