/*--------------------------------*- C++ -*----------------------------------*\
| =========                 |                                                 |
| \\      /  F ield         | OpenFOAM: The Open Source CFD Toolbox           |
|  \\    /   O peration     | Version:  2.3.0                                 |
|   \\  /    A nd           | Web:      www.OpenFOAM.org                      |
|    \\/     M anipulation  |                                                 |
\*---------------------------------------------------------------------------*/
FoamFile
{
    version     2.0;
    format      ascii;
    class       vectorField;
    location    "constant/polyMesh";
    object      points;
}
// * * * * * * * * * * * * * * * * * * * * * * * * * * * * * * * * * * * * * //


882
(
(0 0.5 0)
(0.025 0.5 0)
(0.05 0.5 0)
(0.075 0.5 0)
(0.1 0.5 0)
(0.125 0.5 0)
(0.15 0.5 0)
(0.175 0.5 0)
(0.2 0.5 0)
(0.225 0.5 0)
(0.25 0.5 0)
(0.275 0.5 0)
(0.3 0.5 0)
(0.325 0.5 0)
(0.35 0.5 0)
(0.375 0.5 0)
(0.4 0.5 0)
(0.425 0.5 0)
(0.45 0.5 0)
(0.475 0.5 0)
(0.5 0.5 0)
(0 0.525 0)
(0.025 0.525 0)
(0.05 0.525 0)
(0.075 0.525 0)
(0.1 0.525 0)
(0.125 0.525 0)
(0.15 0.525 0)
(0.175 0.525 0)
(0.2 0.525 0)
(0.225 0.525 0)
(0.25 0.525 0)
(0.275 0.525 0)
(0.3 0.525 0)
(0.325 0.525 0)
(0.35 0.525 0)
(0.375 0.525 0)
(0.4 0.525 0)
(0.425 0.525 0)
(0.45 0.525 0)
(0.475 0.525 0)
(0.5 0.525 0)
(0 0.55 0)
(0.025 0.55 0)
(0.05 0.55 0)
(0.075 0.55 0)
(0.1 0.55 0)
(0.125 0.55 0)
(0.15 0.55 0)
(0.175 0.55 0)
(0.2 0.55 0)
(0.225 0.55 0)
(0.25 0.55 0)
(0.275 0.55 0)
(0.3 0.55 0)
(0.325 0.55 0)
(0.35 0.55 0)
(0.375 0.55 0)
(0.4 0.55 0)
(0.425 0.55 0)
(0.45 0.55 0)
(0.475 0.55 0)
(0.5 0.55 0)
(0 0.575 0)
(0.025 0.575 0)
(0.05 0.575 0)
(0.075 0.575 0)
(0.1 0.575 0)
(0.125 0.575 0)
(0.15 0.575 0)
(0.175 0.575 0)
(0.2 0.575 0)
(0.225 0.575 0)
(0.25 0.575 0)
(0.275 0.575 0)
(0.3 0.575 0)
(0.325 0.575 0)
(0.35 0.575 0)
(0.375 0.575 0)
(0.4 0.575 0)
(0.425 0.575 0)
(0.45 0.575 0)
(0.475 0.575 0)
(0.5 0.575 0)
(0 0.6 0)
(0.025 0.6 0)
(0.05 0.6 0)
(0.075 0.6 0)
(0.1 0.6 0)
(0.125 0.6 0)
(0.15 0.6 0)
(0.175 0.6 0)
(0.2 0.6 0)
(0.225 0.6 0)
(0.25 0.6 0)
(0.275 0.6 0)
(0.3 0.6 0)
(0.325 0.6 0)
(0.35 0.6 0)
(0.375 0.6 0)
(0.4 0.6 0)
(0.425 0.6 0)
(0.45 0.6 0)
(0.475 0.6 0)
(0.5 0.6 0)
(0 0.625 0)
(0.025 0.625 0)
(0.05 0.625 0)
(0.075 0.625 0)
(0.1 0.625 0)
(0.125 0.625 0)
(0.15 0.625 0)
(0.175 0.625 0)
(0.2 0.625 0)
(0.225 0.625 0)
(0.25 0.625 0)
(0.275 0.625 0)
(0.3 0.625 0)
(0.325 0.625 0)
(0.35 0.625 0)
(0.375 0.625 0)
(0.4 0.625 0)
(0.425 0.625 0)
(0.45 0.625 0)
(0.475 0.625 0)
(0.5 0.625 0)
(0 0.65 0)
(0.025 0.65 0)
(0.05 0.65 0)
(0.075 0.65 0)
(0.1 0.65 0)
(0.125 0.65 0)
(0.15 0.65 0)
(0.175 0.65 0)
(0.2 0.65 0)
(0.225 0.65 0)
(0.25 0.65 0)
(0.275 0.65 0)
(0.3 0.65 0)
(0.325 0.65 0)
(0.35 0.65 0)
(0.375 0.65 0)
(0.4 0.65 0)
(0.425 0.65 0)
(0.45 0.65 0)
(0.475 0.65 0)
(0.5 0.65 0)
(0 0.675 0)
(0.025 0.675 0)
(0.05 0.675 0)
(0.075 0.675 0)
(0.1 0.675 0)
(0.125 0.675 0)
(0.15 0.675 0)
(0.175 0.675 0)
(0.2 0.675 0)
(0.225 0.675 0)
(0.25 0.675 0)
(0.275 0.675 0)
(0.3 0.675 0)
(0.325 0.675 0)
(0.35 0.675 0)
(0.375 0.675 0)
(0.4 0.675 0)
(0.425 0.675 0)
(0.45 0.675 0)
(0.475 0.675 0)
(0.5 0.675 0)
(0 0.7 0)
(0.025 0.7 0)
(0.05 0.7 0)
(0.075 0.7 0)
(0.1 0.7 0)
(0.125 0.7 0)
(0.15 0.7 0)
(0.175 0.7 0)
(0.2 0.7 0)
(0.225 0.7 0)
(0.25 0.7 0)
(0.275 0.7 0)
(0.3 0.7 0)
(0.325 0.7 0)
(0.35 0.7 0)
(0.375 0.7 0)
(0.4 0.7 0)
(0.425 0.7 0)
(0.45 0.7 0)
(0.475 0.7 0)
(0.5 0.7 0)
(0 0.725 0)
(0.025 0.725 0)
(0.05 0.725 0)
(0.075 0.725 0)
(0.1 0.725 0)
(0.125 0.725 0)
(0.15 0.725 0)
(0.175 0.725 0)
(0.2 0.725 0)
(0.225 0.725 0)
(0.25 0.725 0)
(0.275 0.725 0)
(0.3 0.725 0)
(0.325 0.725 0)
(0.35 0.725 0)
(0.375 0.725 0)
(0.4 0.725 0)
(0.425 0.725 0)
(0.45 0.725 0)
(0.475 0.725 0)
(0.5 0.725 0)
(0 0.75 0)
(0.025 0.75 0)
(0.05 0.75 0)
(0.075 0.75 0)
(0.1 0.75 0)
(0.125 0.75 0)
(0.15 0.75 0)
(0.175 0.75 0)
(0.2 0.75 0)
(0.225 0.75 0)
(0.25 0.75 0)
(0.275 0.75 0)
(0.3 0.75 0)
(0.325 0.75 0)
(0.35 0.75 0)
(0.375 0.75 0)
(0.4 0.75 0)
(0.425 0.75 0)
(0.45 0.75 0)
(0.475 0.75 0)
(0.5 0.75 0)
(0 0.775 0)
(0.025 0.775 0)
(0.05 0.775 0)
(0.075 0.775 0)
(0.1 0.775 0)
(0.125 0.775 0)
(0.15 0.775 0)
(0.175 0.775 0)
(0.2 0.775 0)
(0.225 0.775 0)
(0.25 0.775 0)
(0.275 0.775 0)
(0.3 0.775 0)
(0.325 0.775 0)
(0.35 0.775 0)
(0.375 0.775 0)
(0.4 0.775 0)
(0.425 0.775 0)
(0.45 0.775 0)
(0.475 0.775 0)
(0.5 0.775 0)
(0 0.8 0)
(0.025 0.8 0)
(0.05 0.8 0)
(0.075 0.8 0)
(0.1 0.8 0)
(0.125 0.8 0)
(0.15 0.8 0)
(0.175 0.8 0)
(0.2 0.8 0)
(0.225 0.8 0)
(0.25 0.8 0)
(0.275 0.8 0)
(0.3 0.8 0)
(0.325 0.8 0)
(0.35 0.8 0)
(0.375 0.8 0)
(0.4 0.8 0)
(0.425 0.8 0)
(0.45 0.8 0)
(0.475 0.8 0)
(0.5 0.8 0)
(0 0.825 0)
(0.025 0.825 0)
(0.05 0.825 0)
(0.075 0.825 0)
(0.1 0.825 0)
(0.125 0.825 0)
(0.15 0.825 0)
(0.175 0.825 0)
(0.2 0.825 0)
(0.225 0.825 0)
(0.25 0.825 0)
(0.275 0.825 0)
(0.3 0.825 0)
(0.325 0.825 0)
(0.35 0.825 0)
(0.375 0.825 0)
(0.4 0.825 0)
(0.425 0.825 0)
(0.45 0.825 0)
(0.475 0.825 0)
(0.5 0.825 0)
(0 0.85 0)
(0.025 0.85 0)
(0.05 0.85 0)
(0.075 0.85 0)
(0.1 0.85 0)
(0.125 0.85 0)
(0.15 0.85 0)
(0.175 0.85 0)
(0.2 0.85 0)
(0.225 0.85 0)
(0.25 0.85 0)
(0.275 0.85 0)
(0.3 0.85 0)
(0.325 0.85 0)
(0.35 0.85 0)
(0.375 0.85 0)
(0.4 0.85 0)
(0.425 0.85 0)
(0.45 0.85 0)
(0.475 0.85 0)
(0.5 0.85 0)
(0 0.875 0)
(0.025 0.875 0)
(0.05 0.875 0)
(0.075 0.875 0)
(0.1 0.875 0)
(0.125 0.875 0)
(0.15 0.875 0)
(0.175 0.875 0)
(0.2 0.875 0)
(0.225 0.875 0)
(0.25 0.875 0)
(0.275 0.875 0)
(0.3 0.875 0)
(0.325 0.875 0)
(0.35 0.875 0)
(0.375 0.875 0)
(0.4 0.875 0)
(0.425 0.875 0)
(0.45 0.875 0)
(0.475 0.875 0)
(0.5 0.875 0)
(0 0.9 0)
(0.025 0.9 0)
(0.05 0.9 0)
(0.075 0.9 0)
(0.1 0.9 0)
(0.125 0.9 0)
(0.15 0.9 0)
(0.175 0.9 0)
(0.2 0.9 0)
(0.225 0.9 0)
(0.25 0.9 0)
(0.275 0.9 0)
(0.3 0.9 0)
(0.325 0.9 0)
(0.35 0.9 0)
(0.375 0.9 0)
(0.4 0.9 0)
(0.425 0.9 0)
(0.45 0.9 0)
(0.475 0.9 0)
(0.5 0.9 0)
(0 0.925 0)
(0.025 0.925 0)
(0.05 0.925 0)
(0.075 0.925 0)
(0.1 0.925 0)
(0.125 0.925 0)
(0.15 0.925 0)
(0.175 0.925 0)
(0.2 0.925 0)
(0.225 0.925 0)
(0.25 0.925 0)
(0.275 0.925 0)
(0.3 0.925 0)
(0.325 0.925 0)
(0.35 0.925 0)
(0.375 0.925 0)
(0.4 0.925 0)
(0.425 0.925 0)
(0.45 0.925 0)
(0.475 0.925 0)
(0.5 0.925 0)
(0 0.95 0)
(0.025 0.95 0)
(0.05 0.95 0)
(0.075 0.95 0)
(0.1 0.95 0)
(0.125 0.95 0)
(0.15 0.95 0)
(0.175 0.95 0)
(0.2 0.95 0)
(0.225 0.95 0)
(0.25 0.95 0)
(0.275 0.95 0)
(0.3 0.95 0)
(0.325 0.95 0)
(0.35 0.95 0)
(0.375 0.95 0)
(0.4 0.95 0)
(0.425 0.95 0)
(0.45 0.95 0)
(0.475 0.95 0)
(0.5 0.95 0)
(0 0.975 0)
(0.025 0.975 0)
(0.05 0.975 0)
(0.075 0.975 0)
(0.1 0.975 0)
(0.125 0.975 0)
(0.15 0.975 0)
(0.175 0.975 0)
(0.2 0.975 0)
(0.225 0.975 0)
(0.25 0.975 0)
(0.275 0.975 0)
(0.3 0.975 0)
(0.325 0.975 0)
(0.35 0.975 0)
(0.375 0.975 0)
(0.4 0.975 0)
(0.425 0.975 0)
(0.45 0.975 0)
(0.475 0.975 0)
(0.5 0.975 0)
(0 1 0)
(0.025 1 0)
(0.05 1 0)
(0.075 1 0)
(0.1 1 0)
(0.125 1 0)
(0.15 1 0)
(0.175 1 0)
(0.2 1 0)
(0.225 1 0)
(0.25 1 0)
(0.275 1 0)
(0.3 1 0)
(0.325 1 0)
(0.35 1 0)
(0.375 1 0)
(0.4 1 0)
(0.425 1 0)
(0.45 1 0)
(0.475 1 0)
(0.5 1 0)
(0 0.5 1)
(0.025 0.5 1)
(0.05 0.5 1)
(0.075 0.5 1)
(0.1 0.5 1)
(0.125 0.5 1)
(0.15 0.5 1)
(0.175 0.5 1)
(0.2 0.5 1)
(0.225 0.5 1)
(0.25 0.5 1)
(0.275 0.5 1)
(0.3 0.5 1)
(0.325 0.5 1)
(0.35 0.5 1)
(0.375 0.5 1)
(0.4 0.5 1)
(0.425 0.5 1)
(0.45 0.5 1)
(0.475 0.5 1)
(0.5 0.5 1)
(0 0.525 1)
(0.025 0.525 1)
(0.05 0.525 1)
(0.075 0.525 1)
(0.1 0.525 1)
(0.125 0.525 1)
(0.15 0.525 1)
(0.175 0.525 1)
(0.2 0.525 1)
(0.225 0.525 1)
(0.25 0.525 1)
(0.275 0.525 1)
(0.3 0.525 1)
(0.325 0.525 1)
(0.35 0.525 1)
(0.375 0.525 1)
(0.4 0.525 1)
(0.425 0.525 1)
(0.45 0.525 1)
(0.475 0.525 1)
(0.5 0.525 1)
(0 0.55 1)
(0.025 0.55 1)
(0.05 0.55 1)
(0.075 0.55 1)
(0.1 0.55 1)
(0.125 0.55 1)
(0.15 0.55 1)
(0.175 0.55 1)
(0.2 0.55 1)
(0.225 0.55 1)
(0.25 0.55 1)
(0.275 0.55 1)
(0.3 0.55 1)
(0.325 0.55 1)
(0.35 0.55 1)
(0.375 0.55 1)
(0.4 0.55 1)
(0.425 0.55 1)
(0.45 0.55 1)
(0.475 0.55 1)
(0.5 0.55 1)
(0 0.575 1)
(0.025 0.575 1)
(0.05 0.575 1)
(0.075 0.575 1)
(0.1 0.575 1)
(0.125 0.575 1)
(0.15 0.575 1)
(0.175 0.575 1)
(0.2 0.575 1)
(0.225 0.575 1)
(0.25 0.575 1)
(0.275 0.575 1)
(0.3 0.575 1)
(0.325 0.575 1)
(0.35 0.575 1)
(0.375 0.575 1)
(0.4 0.575 1)
(0.425 0.575 1)
(0.45 0.575 1)
(0.475 0.575 1)
(0.5 0.575 1)
(0 0.6 1)
(0.025 0.6 1)
(0.05 0.6 1)
(0.075 0.6 1)
(0.1 0.6 1)
(0.125 0.6 1)
(0.15 0.6 1)
(0.175 0.6 1)
(0.2 0.6 1)
(0.225 0.6 1)
(0.25 0.6 1)
(0.275 0.6 1)
(0.3 0.6 1)
(0.325 0.6 1)
(0.35 0.6 1)
(0.375 0.6 1)
(0.4 0.6 1)
(0.425 0.6 1)
(0.45 0.6 1)
(0.475 0.6 1)
(0.5 0.6 1)
(0 0.625 1)
(0.025 0.625 1)
(0.05 0.625 1)
(0.075 0.625 1)
(0.1 0.625 1)
(0.125 0.625 1)
(0.15 0.625 1)
(0.175 0.625 1)
(0.2 0.625 1)
(0.225 0.625 1)
(0.25 0.625 1)
(0.275 0.625 1)
(0.3 0.625 1)
(0.325 0.625 1)
(0.35 0.625 1)
(0.375 0.625 1)
(0.4 0.625 1)
(0.425 0.625 1)
(0.45 0.625 1)
(0.475 0.625 1)
(0.5 0.625 1)
(0 0.65 1)
(0.025 0.65 1)
(0.05 0.65 1)
(0.075 0.65 1)
(0.1 0.65 1)
(0.125 0.65 1)
(0.15 0.65 1)
(0.175 0.65 1)
(0.2 0.65 1)
(0.225 0.65 1)
(0.25 0.65 1)
(0.275 0.65 1)
(0.3 0.65 1)
(0.325 0.65 1)
(0.35 0.65 1)
(0.375 0.65 1)
(0.4 0.65 1)
(0.425 0.65 1)
(0.45 0.65 1)
(0.475 0.65 1)
(0.5 0.65 1)
(0 0.675 1)
(0.025 0.675 1)
(0.05 0.675 1)
(0.075 0.675 1)
(0.1 0.675 1)
(0.125 0.675 1)
(0.15 0.675 1)
(0.175 0.675 1)
(0.2 0.675 1)
(0.225 0.675 1)
(0.25 0.675 1)
(0.275 0.675 1)
(0.3 0.675 1)
(0.325 0.675 1)
(0.35 0.675 1)
(0.375 0.675 1)
(0.4 0.675 1)
(0.425 0.675 1)
(0.45 0.675 1)
(0.475 0.675 1)
(0.5 0.675 1)
(0 0.7 1)
(0.025 0.7 1)
(0.05 0.7 1)
(0.075 0.7 1)
(0.1 0.7 1)
(0.125 0.7 1)
(0.15 0.7 1)
(0.175 0.7 1)
(0.2 0.7 1)
(0.225 0.7 1)
(0.25 0.7 1)
(0.275 0.7 1)
(0.3 0.7 1)
(0.325 0.7 1)
(0.35 0.7 1)
(0.375 0.7 1)
(0.4 0.7 1)
(0.425 0.7 1)
(0.45 0.7 1)
(0.475 0.7 1)
(0.5 0.7 1)
(0 0.725 1)
(0.025 0.725 1)
(0.05 0.725 1)
(0.075 0.725 1)
(0.1 0.725 1)
(0.125 0.725 1)
(0.15 0.725 1)
(0.175 0.725 1)
(0.2 0.725 1)
(0.225 0.725 1)
(0.25 0.725 1)
(0.275 0.725 1)
(0.3 0.725 1)
(0.325 0.725 1)
(0.35 0.725 1)
(0.375 0.725 1)
(0.4 0.725 1)
(0.425 0.725 1)
(0.45 0.725 1)
(0.475 0.725 1)
(0.5 0.725 1)
(0 0.75 1)
(0.025 0.75 1)
(0.05 0.75 1)
(0.075 0.75 1)
(0.1 0.75 1)
(0.125 0.75 1)
(0.15 0.75 1)
(0.175 0.75 1)
(0.2 0.75 1)
(0.225 0.75 1)
(0.25 0.75 1)
(0.275 0.75 1)
(0.3 0.75 1)
(0.325 0.75 1)
(0.35 0.75 1)
(0.375 0.75 1)
(0.4 0.75 1)
(0.425 0.75 1)
(0.45 0.75 1)
(0.475 0.75 1)
(0.5 0.75 1)
(0 0.775 1)
(0.025 0.775 1)
(0.05 0.775 1)
(0.075 0.775 1)
(0.1 0.775 1)
(0.125 0.775 1)
(0.15 0.775 1)
(0.175 0.775 1)
(0.2 0.775 1)
(0.225 0.775 1)
(0.25 0.775 1)
(0.275 0.775 1)
(0.3 0.775 1)
(0.325 0.775 1)
(0.35 0.775 1)
(0.375 0.775 1)
(0.4 0.775 1)
(0.425 0.775 1)
(0.45 0.775 1)
(0.475 0.775 1)
(0.5 0.775 1)
(0 0.8 1)
(0.025 0.8 1)
(0.05 0.8 1)
(0.075 0.8 1)
(0.1 0.8 1)
(0.125 0.8 1)
(0.15 0.8 1)
(0.175 0.8 1)
(0.2 0.8 1)
(0.225 0.8 1)
(0.25 0.8 1)
(0.275 0.8 1)
(0.3 0.8 1)
(0.325 0.8 1)
(0.35 0.8 1)
(0.375 0.8 1)
(0.4 0.8 1)
(0.425 0.8 1)
(0.45 0.8 1)
(0.475 0.8 1)
(0.5 0.8 1)
(0 0.825 1)
(0.025 0.825 1)
(0.05 0.825 1)
(0.075 0.825 1)
(0.1 0.825 1)
(0.125 0.825 1)
(0.15 0.825 1)
(0.175 0.825 1)
(0.2 0.825 1)
(0.225 0.825 1)
(0.25 0.825 1)
(0.275 0.825 1)
(0.3 0.825 1)
(0.325 0.825 1)
(0.35 0.825 1)
(0.375 0.825 1)
(0.4 0.825 1)
(0.425 0.825 1)
(0.45 0.825 1)
(0.475 0.825 1)
(0.5 0.825 1)
(0 0.85 1)
(0.025 0.85 1)
(0.05 0.85 1)
(0.075 0.85 1)
(0.1 0.85 1)
(0.125 0.85 1)
(0.15 0.85 1)
(0.175 0.85 1)
(0.2 0.85 1)
(0.225 0.85 1)
(0.25 0.85 1)
(0.275 0.85 1)
(0.3 0.85 1)
(0.325 0.85 1)
(0.35 0.85 1)
(0.375 0.85 1)
(0.4 0.85 1)
(0.425 0.85 1)
(0.45 0.85 1)
(0.475 0.85 1)
(0.5 0.85 1)
(0 0.875 1)
(0.025 0.875 1)
(0.05 0.875 1)
(0.075 0.875 1)
(0.1 0.875 1)
(0.125 0.875 1)
(0.15 0.875 1)
(0.175 0.875 1)
(0.2 0.875 1)
(0.225 0.875 1)
(0.25 0.875 1)
(0.275 0.875 1)
(0.3 0.875 1)
(0.325 0.875 1)
(0.35 0.875 1)
(0.375 0.875 1)
(0.4 0.875 1)
(0.425 0.875 1)
(0.45 0.875 1)
(0.475 0.875 1)
(0.5 0.875 1)
(0 0.9 1)
(0.025 0.9 1)
(0.05 0.9 1)
(0.075 0.9 1)
(0.1 0.9 1)
(0.125 0.9 1)
(0.15 0.9 1)
(0.175 0.9 1)
(0.2 0.9 1)
(0.225 0.9 1)
(0.25 0.9 1)
(0.275 0.9 1)
(0.3 0.9 1)
(0.325 0.9 1)
(0.35 0.9 1)
(0.375 0.9 1)
(0.4 0.9 1)
(0.425 0.9 1)
(0.45 0.9 1)
(0.475 0.9 1)
(0.5 0.9 1)
(0 0.925 1)
(0.025 0.925 1)
(0.05 0.925 1)
(0.075 0.925 1)
(0.1 0.925 1)
(0.125 0.925 1)
(0.15 0.925 1)
(0.175 0.925 1)
(0.2 0.925 1)
(0.225 0.925 1)
(0.25 0.925 1)
(0.275 0.925 1)
(0.3 0.925 1)
(0.325 0.925 1)
(0.35 0.925 1)
(0.375 0.925 1)
(0.4 0.925 1)
(0.425 0.925 1)
(0.45 0.925 1)
(0.475 0.925 1)
(0.5 0.925 1)
(0 0.95 1)
(0.025 0.95 1)
(0.05 0.95 1)
(0.075 0.95 1)
(0.1 0.95 1)
(0.125 0.95 1)
(0.15 0.95 1)
(0.175 0.95 1)
(0.2 0.95 1)
(0.225 0.95 1)
(0.25 0.95 1)
(0.275 0.95 1)
(0.3 0.95 1)
(0.325 0.95 1)
(0.35 0.95 1)
(0.375 0.95 1)
(0.4 0.95 1)
(0.425 0.95 1)
(0.45 0.95 1)
(0.475 0.95 1)
(0.5 0.95 1)
(0 0.975 1)
(0.025 0.975 1)
(0.05 0.975 1)
(0.075 0.975 1)
(0.1 0.975 1)
(0.125 0.975 1)
(0.15 0.975 1)
(0.175 0.975 1)
(0.2 0.975 1)
(0.225 0.975 1)
(0.25 0.975 1)
(0.275 0.975 1)
(0.3 0.975 1)
(0.325 0.975 1)
(0.35 0.975 1)
(0.375 0.975 1)
(0.4 0.975 1)
(0.425 0.975 1)
(0.45 0.975 1)
(0.475 0.975 1)
(0.5 0.975 1)
(0 1 1)
(0.025 1 1)
(0.05 1 1)
(0.075 1 1)
(0.1 1 1)
(0.125 1 1)
(0.15 1 1)
(0.175 1 1)
(0.2 1 1)
(0.225 1 1)
(0.25 1 1)
(0.275 1 1)
(0.3 1 1)
(0.325 1 1)
(0.35 1 1)
(0.375 1 1)
(0.4 1 1)
(0.425 1 1)
(0.45 1 1)
(0.475 1 1)
(0.5 1 1)
)


// ************************************************************************* //
