/*--------------------------------*- C++ -*----------------------------------*\
| =========                 |                                                 |
| \\      /  F ield         | OpenFOAM: The Open Source CFD Toolbox           |
|  \\    /   O peration     | Version:  2.3.0                                 |
|   \\  /    A nd           | Web:      www.OpenFOAM.org                      |
|    \\/     M anipulation  |                                                 |
\*---------------------------------------------------------------------------*/
FoamFile
{
    version     2.0;
    format      ascii;
    class       regIOobject;
    location    "constant/polyMesh";
    object      cellZones;
}
// * * * * * * * * * * * * * * * * * * * * * * * * * * * * * * * * * * * * * //

4
(
c0
{
    type cellZone;
cellLabels      0();
}

movilHorizontal
{
    type cellZone;
cellLabels      List<label> 
494
(
13
14
15
16
17
18
19
20
21
22
23
24
25
26
27
28
29
30
31
32
33
34
35
36
37
38
39
40
41
42
43
44
45
46
47
48
49
50
64
65
66
67
68
69
70
71
72
73
74
75
76
77
78
79
80
81
82
83
84
85
86
87
88
89
90
91
92
93
94
95
96
97
98
99
100
101
115
116
117
118
119
120
121
122
123
124
125
126
127
128
129
130
131
132
133
134
135
136
137
138
139
140
141
142
143
144
145
146
147
148
149
150
151
152
166
167
168
169
170
171
172
173
174
175
176
177
178
179
180
181
182
183
184
185
186
187
188
189
190
191
192
193
194
195
196
197
198
199
200
201
202
203
217
218
219
220
221
222
223
224
225
226
227
228
229
230
231
232
233
234
235
236
237
238
239
240
241
242
243
244
245
246
247
248
249
250
251
252
253
254
268
269
270
271
272
273
274
275
276
277
278
279
280
281
282
283
284
285
286
287
288
289
290
291
292
293
294
295
296
297
298
299
300
301
302
303
304
305
319
320
321
322
323
324
325
326
327
328
329
330
331
332
333
334
335
336
337
338
339
340
341
342
343
344
345
346
347
348
349
350
351
352
353
354
355
356
370
371
372
373
374
375
376
377
378
379
380
381
382
383
384
385
386
387
388
389
390
391
392
393
394
395
396
397
398
399
400
401
402
403
404
405
406
407
421
422
423
424
425
426
427
428
429
430
431
432
433
434
435
436
437
438
439
440
441
442
443
444
445
446
447
448
449
450
451
452
453
454
455
456
457
458
472
473
474
475
476
477
478
479
480
481
482
483
484
485
486
487
488
489
490
491
492
493
494
495
496
497
498
499
500
501
502
503
504
505
506
507
508
509
523
524
525
526
527
528
529
530
531
532
533
534
535
536
537
538
539
540
541
542
543
544
545
546
547
548
549
550
551
552
553
554
555
556
557
558
559
560
574
575
576
577
578
579
580
581
582
583
584
585
586
587
588
589
590
591
592
593
594
595
596
597
598
599
600
601
602
603
604
605
606
607
608
609
610
611
625
626
627
628
629
630
631
632
633
634
635
636
637
638
639
640
641
642
643
644
645
646
647
648
649
650
651
652
653
654
655
656
657
658
659
660
661
662
)
;
}

movilVertical
{
    type cellZone;
cellLabels      List<label> 
1144
(
663
664
665
666
667
668
669
670
671
672
673
674
675
714
715
716
717
718
719
720
721
722
723
724
725
726
765
766
767
768
769
770
771
772
773
774
775
776
777
816
817
818
819
820
821
822
823
824
825
826
827
828
867
868
869
870
871
872
873
874
875
876
877
878
879
918
919
920
921
922
923
924
925
926
927
928
929
930
969
970
971
972
973
974
975
976
977
978
979
980
981
1020
1021
1022
1023
1024
1025
1026
1027
1028
1029
1030
1031
1032
1071
1072
1073
1074
1075
1076
1077
1078
1079
1080
1081
1082
1083
1122
1123
1124
1125
1126
1127
1128
1129
1130
1131
1132
1133
1134
1173
1174
1175
1176
1177
1178
1179
1180
1181
1182
1183
1184
1185
1224
1225
1226
1227
1228
1229
1230
1231
1232
1233
1234
1235
1236
1275
1276
1277
1278
1279
1280
1281
1282
1283
1284
1285
1286
1287
1326
1327
1328
1329
1330
1331
1332
1333
1334
1335
1336
1337
1338
1377
1378
1379
1380
1381
1382
1383
1384
1385
1386
1387
1388
1389
1428
1429
1430
1431
1432
1433
1434
1435
1436
1437
1438
1439
1440
1479
1480
1481
1482
1483
1484
1485
1486
1487
1488
1489
1490
1491
1530
1531
1532
1533
1534
1535
1536
1537
1538
1539
1540
1541
1542
1581
1582
1583
1584
1585
1586
1587
1588
1589
1590
1591
1592
1593
1632
1633
1634
1635
1636
1637
1638
1639
1640
1641
1642
1643
1644
1683
1684
1685
1686
1687
1688
1689
1690
1691
1692
1693
1694
1695
1734
1735
1736
1737
1738
1739
1740
1741
1742
1743
1744
1745
1746
1785
1786
1787
1788
1789
1790
1791
1792
1793
1794
1795
1796
1797
1836
1837
1838
1839
1840
1841
1842
1843
1844
1845
1846
1847
1848
1887
1888
1889
1890
1891
1892
1893
1894
1895
1896
1897
1898
1899
1938
1939
1940
1941
1942
1943
1944
1945
1946
1947
1948
1949
1950
1989
1990
1991
1992
1993
1994
1995
1996
1997
1998
1999
2000
2001
2040
2041
2042
2043
2044
2045
2046
2047
2048
2049
2050
2051
2052
2091
2092
2093
2094
2095
2096
2097
2098
2099
2100
2101
2102
2103
2142
2143
2144
2145
2146
2147
2148
2149
2150
2151
2152
2153
2154
2193
2194
2195
2196
2197
2198
2199
2200
2201
2202
2203
2204
2205
2244
2245
2246
2247
2248
2249
2250
2251
2252
2253
2254
2255
2256
2295
2296
2297
2298
2299
2300
2301
2302
2303
2304
2305
2306
2307
2346
2347
2348
2349
2350
2351
2352
2353
2354
2355
2356
2357
2358
2397
2398
2399
2400
2401
2402
2403
2404
2405
2406
2407
2408
2409
2448
2449
2450
2451
2452
2453
2454
2455
2456
2457
2458
2459
2460
2499
2500
2501
2502
2503
2504
2505
2506
2507
2508
2509
2510
2511
2550
2551
2552
2553
2554
2555
2556
2557
2558
2559
2560
2561
2562
2601
2602
2603
2604
2605
2606
2607
2608
2609
2610
2611
2612
2613
2652
2653
2654
2655
2656
2657
2658
2659
2660
2661
2662
2663
2664
2703
2704
2705
2706
2707
2708
2709
2710
2711
2712
2713
2714
2715
2754
2755
2756
2757
2758
2759
2760
2761
2762
2763
2764
2765
2766
2805
2806
2807
2808
2809
2810
2811
2812
2813
2814
2815
2816
2817
2856
2857
2858
2859
2860
2861
2862
2863
2864
2865
2866
2867
2868
2907
2908
2909
2910
2911
2912
2913
2914
2915
2916
2917
2918
2919
2958
2959
2960
2961
2962
2963
2964
2965
2966
2967
2968
2969
2970
3009
3010
3011
3012
3013
3014
3015
3016
3017
3018
3019
3020
3021
3060
3061
3062
3063
3064
3065
3066
3067
3068
3069
3070
3071
3072
3111
3112
3113
3114
3115
3116
3117
3118
3119
3120
3121
3122
3123
3162
3163
3164
3165
3166
3167
3168
3169
3170
3171
3172
3173
3174
3213
3214
3215
3216
3217
3218
3219
3220
3221
3222
3223
3224
3225
3264
3265
3266
3267
3268
3269
3270
3271
3272
3273
3274
3275
3276
3315
3316
3317
3318
3319
3320
3321
3322
3323
3324
3325
3326
3327
3366
3367
3368
3369
3370
3371
3372
3373
3374
3375
3376
3377
3378
3417
3418
3419
3420
3421
3422
3423
3424
3425
3426
3427
3428
3429
3468
3469
3470
3471
3472
3473
3474
3475
3476
3477
3478
3479
3480
3519
3520
3521
3522
3523
3524
3525
3526
3527
3528
3529
3530
3531
3570
3571
3572
3573
3574
3575
3576
3577
3578
3579
3580
3581
3582
3621
3622
3623
3624
3625
3626
3627
3628
3629
3630
3631
3632
3633
3672
3673
3674
3675
3676
3677
3678
3679
3680
3681
3682
3683
3684
3723
3724
3725
3726
3727
3728
3729
3730
3731
3732
3733
3734
3735
3774
3775
3776
3777
3778
3779
3780
3781
3782
3783
3784
3785
3786
3825
3826
3827
3828
3829
3830
3831
3832
3833
3834
3835
3836
3837
3876
3877
3878
3879
3880
3881
3882
3883
3884
3885
3886
3887
3888
3927
3928
3929
3930
3931
3932
3933
3934
3935
3936
3937
3938
3939
3978
3979
3980
3981
3982
3983
3984
3985
3986
3987
3988
3989
3990
4029
4030
4031
4032
4033
4034
4035
4036
4037
4038
4039
4040
4041
4080
4081
4082
4083
4084
4085
4086
4087
4088
4089
4090
4091
4092
4131
4132
4133
4134
4135
4136
4137
4138
4139
4140
4141
4142
4143
4182
4183
4184
4185
4186
4187
4188
4189
4190
4191
4192
4193
4194
4233
4234
4235
4236
4237
4238
4239
4240
4241
4242
4243
4244
4245
4284
4285
4286
4287
4288
4289
4290
4291
4292
4293
4294
4295
4296
4335
4336
4337
4338
4339
4340
4341
4342
4343
4344
4345
4346
4347
4386
4387
4388
4389
4390
4391
4392
4393
4394
4395
4396
4397
4398
4437
4438
4439
4440
4441
4442
4443
4444
4445
4446
4447
4448
4449
4488
4489
4490
4491
4492
4493
4494
4495
4496
4497
4498
4499
4500
4539
4540
4541
4542
4543
4544
4545
4546
4547
4548
4549
4550
4551
4590
4591
4592
4593
4594
4595
4596
4597
4598
4599
4600
4601
4602
4641
4642
4643
4644
4645
4646
4647
4648
4649
4650
4651
4652
4653
4692
4693
4694
4695
4696
4697
4698
4699
4700
4701
4702
4703
4704
4743
4744
4745
4746
4747
4748
4749
4750
4751
4752
4753
4754
4755
4794
4795
4796
4797
4798
4799
4800
4801
4802
4803
4804
4805
4806
4845
4846
4847
4848
4849
4850
4851
4852
4853
4854
4855
4856
4857
4896
4897
4898
4899
4900
4901
4902
4903
4904
4905
4906
4907
4908
4947
4948
4949
4950
4951
4952
4953
4954
4955
4956
4957
4958
4959
4998
4999
5000
5001
5002
5003
5004
5005
5006
5007
5008
5009
5010
5049
5050
5051
5052
5053
5054
5055
5056
5057
5058
5059
5060
5061
5100
5101
5102
5103
5104
5105
5106
5107
5108
5109
5110
5111
5112
)
;
}

cubo
{
    type cellZone;
cellLabels      List<label> 
169
(
0
1
2
3
4
5
6
7
8
9
10
11
12
51
52
53
54
55
56
57
58
59
60
61
62
63
102
103
104
105
106
107
108
109
110
111
112
113
114
153
154
155
156
157
158
159
160
161
162
163
164
165
204
205
206
207
208
209
210
211
212
213
214
215
216
255
256
257
258
259
260
261
262
263
264
265
266
267
306
307
308
309
310
311
312
313
314
315
316
317
318
357
358
359
360
361
362
363
364
365
366
367
368
369
408
409
410
411
412
413
414
415
416
417
418
419
420
459
460
461
462
463
464
465
466
467
468
469
470
471
510
511
512
513
514
515
516
517
518
519
520
521
522
561
562
563
564
565
566
567
568
569
570
571
572
573
612
613
614
615
616
617
618
619
620
621
622
623
624
)
;
}
)

// ************************************************************************* //
