/*--------------------------------*- C++ -*----------------------------------*\
| =========                 |                                                 |
| \\      /  F ield         | OpenFOAM: The Open Source CFD Toolbox           |
|  \\    /   O peration     | Version:  2.3.0                                 |
|   \\  /    A nd           | Web:      www.OpenFOAM.org                      |
|    \\/     M anipulation  |                                                 |
\*---------------------------------------------------------------------------*/
FoamFile
{
    version     2.0;
    format      ascii;
    class       regIOobject;
    location    "constant/polyMesh";
    object      pointZones;
}
// * * * * * * * * * * * * * * * * * * * * * * * * * * * * * * * * * * * * * //

1
(
cuboPuntos
{
    type pointZone;
pointLabels     List<label> 
392
(
0
1
2
3
4
5
6
7
8
9
10
11
12
13
52
53
54
55
56
57
58
59
60
61
62
63
64
65
104
105
106
107
108
109
110
111
112
113
114
115
116
117
156
157
158
159
160
161
162
163
164
165
166
167
168
169
208
209
210
211
212
213
214
215
216
217
218
219
220
221
260
261
262
263
264
265
266
267
268
269
270
271
272
273
312
313
314
315
316
317
318
319
320
321
322
323
324
325
364
365
366
367
368
369
370
371
372
373
374
375
376
377
416
417
418
419
420
421
422
423
424
425
426
427
428
429
468
469
470
471
472
473
474
475
476
477
478
479
480
481
520
521
522
523
524
525
526
527
528
529
530
531
532
533
572
573
574
575
576
577
578
579
580
581
582
583
584
585
624
625
626
627
628
629
630
631
632
633
634
635
636
637
676
677
678
679
680
681
682
683
684
685
686
687
688
689
5304
5305
5306
5307
5308
5309
5310
5311
5312
5313
5314
5315
5316
5317
5356
5357
5358
5359
5360
5361
5362
5363
5364
5365
5366
5367
5368
5369
5408
5409
5410
5411
5412
5413
5414
5415
5416
5417
5418
5419
5420
5421
5460
5461
5462
5463
5464
5465
5466
5467
5468
5469
5470
5471
5472
5473
5512
5513
5514
5515
5516
5517
5518
5519
5520
5521
5522
5523
5524
5525
5564
5565
5566
5567
5568
5569
5570
5571
5572
5573
5574
5575
5576
5577
5616
5617
5618
5619
5620
5621
5622
5623
5624
5625
5626
5627
5628
5629
5668
5669
5670
5671
5672
5673
5674
5675
5676
5677
5678
5679
5680
5681
5720
5721
5722
5723
5724
5725
5726
5727
5728
5729
5730
5731
5732
5733
5772
5773
5774
5775
5776
5777
5778
5779
5780
5781
5782
5783
5784
5785
5824
5825
5826
5827
5828
5829
5830
5831
5832
5833
5834
5835
5836
5837
5876
5877
5878
5879
5880
5881
5882
5883
5884
5885
5886
5887
5888
5889
5928
5929
5930
5931
5932
5933
5934
5935
5936
5937
5938
5939
5940
5941
5980
5981
5982
5983
5984
5985
5986
5987
5988
5989
5990
5991
5992
5993
)
;
}
)

// ************************************************************************* //
