/*--------------------------------*- C++ -*----------------------------------*\
| =========                 |                                                 |
| \\      /  F ield         | OpenFOAM: The Open Source CFD Toolbox           |
|  \\    /   O peration     | Version:  2.3.0                                 |
|   \\  /    A nd           | Web:      www.OpenFOAM.org                      |
|    \\/     M anipulation  |                                                 |
\*---------------------------------------------------------------------------*/
FoamFile
{
    version     2.0;
    format      ascii;
    class       regIOobject;
    location    "constant/polyMesh";
    object      faceZones;
}
// * * * * * * * * * * * * * * * * * * * * * * * * * * * * * * * * * * * * * //

8
(
tapaIzquierda
{
    type faceZone;
faceLabels      0();
flipMap         0();
}

tapaDerecha
{
    type faceZone;
faceLabels      0();
flipMap         0();
}

tapaArriba
{
    type faceZone;
faceLabels      List<label> 
100
(
12079
12081
12083
12085
12087
12089
12091
12093
12095
12097
12099
12101
12103
12105
12107
12109
12111
12113
12115
12117
12119
12121
12123
12125
12127
12129
12131
12133
12135
12137
12139
12141
12143
12145
12147
12149
12151
12153
12155
12157
12159
12161
12163
12165
12167
12169
12171
12173
12175
12177
12179
12181
12183
12185
12187
12189
12191
12193
12195
12197
12199
12201
12203
12205
12207
12209
12211
12213
12215
12217
12219
12221
12223
12225
12226
12228
12230
12232
12234
12236
12238
12240
12242
12244
12246
12248
12250
12252
12254
12256
12258
12260
12262
12264
12266
12268
12270
12272
12274
12275
)
;
flipMap         List<bool> 100{0};
}

tapaAbajo
{
    type faceZone;
faceLabels      List<label> 
100
(
7129
7131
7133
7135
7137
7139
7141
7143
7145
7147
7149
7151
7153
7155
7157
7159
7161
7163
7165
7167
7169
7171
7173
7175
7177
7179
7181
7183
7185
7187
7189
7191
7193
7195
7197
7199
7201
7203
7205
7207
7209
7211
7213
7215
7217
7219
7221
7223
7225
7227
7229
7231
7233
7235
7237
7239
7241
7243
7245
7247
7249
7251
7253
7255
7257
7259
7261
7263
7265
7267
7269
7271
7273
7275
7276
7278
7280
7282
7284
7286
7288
7290
7292
7294
7296
7298
7300
7302
7304
7306
7308
7310
7312
7314
7316
7318
7320
7322
7324
7325
)
;
flipMap         List<bool> 100{1};
}

vertical2Der
{
    type faceZone;
faceLabels      List<label> 
100
(
39901
39903
39905
39907
39909
39911
39913
39915
39917
39919
39921
39923
39925
39927
39929
39931
39933
39935
39937
39939
39941
39943
39945
39947
39949
39951
39953
39955
39957
39959
39961
39963
39965
39967
39969
39971
39973
39975
39977
39979
39981
39983
39985
39987
39989
39991
39993
39995
39997
39999
40001
40003
40005
40007
40009
40011
40013
40015
40017
40019
40021
40023
40025
40027
40029
40031
40033
40035
40037
40039
40041
40043
40045
40047
40049
40051
40053
40055
40057
40059
40061
40063
40065
40067
40069
40071
40073
40075
40077
40079
40081
40083
40085
40087
40089
40091
40093
40095
40097
40099
)
;
flipMap         List<bool> 100{1};
}

horizontal2Inf
{
    type faceZone;
faceLabels      List<label> 
100
(
40200
40201
40202
40203
40204
40205
40206
40207
40208
40209
40210
40211
40212
40213
40214
40215
40216
40217
40218
40219
40220
40221
40222
40223
40224
40225
40226
40227
40228
40229
40230
40231
40232
40233
40234
40235
40236
40237
40238
40239
40240
40241
40242
40243
40244
40245
40246
40247
40248
40249
40250
40251
40252
40253
40254
40255
40256
40257
40258
40259
40260
40261
40262
40263
40264
40265
40266
40267
40268
40269
40270
40271
40272
40273
40274
40275
40276
40277
40278
40279
40280
40281
40282
40283
40284
40285
40286
40287
40288
40289
40290
40291
40292
40293
40294
40295
40296
40297
40298
40299
)
;
flipMap         List<bool> 100{1};
}

vertical1Izq
{
    type faceZone;
faceLabels      List<label> 
100
(
39900
39902
39904
39906
39908
39910
39912
39914
39916
39918
39920
39922
39924
39926
39928
39930
39932
39934
39936
39938
39940
39942
39944
39946
39948
39950
39952
39954
39956
39958
39960
39962
39964
39966
39968
39970
39972
39974
39976
39978
39980
39982
39984
39986
39988
39990
39992
39994
39996
39998
40000
40002
40004
40006
40008
40010
40012
40014
40016
40018
40020
40022
40024
40026
40028
40030
40032
40034
40036
40038
40040
40042
40044
40046
40048
40050
40052
40054
40056
40058
40060
40062
40064
40066
40068
40070
40072
40074
40076
40078
40080
40082
40084
40086
40088
40090
40092
40094
40096
40098
)
;
flipMap         List<bool> 100{1};
}

horizontal1Sup
{
    type faceZone;
faceLabels      List<label> 
100
(
40100
40101
40102
40103
40104
40105
40106
40107
40108
40109
40110
40111
40112
40113
40114
40115
40116
40117
40118
40119
40120
40121
40122
40123
40124
40125
40126
40127
40128
40129
40130
40131
40132
40133
40134
40135
40136
40137
40138
40139
40140
40141
40142
40143
40144
40145
40146
40147
40148
40149
40150
40151
40152
40153
40154
40155
40156
40157
40158
40159
40160
40161
40162
40163
40164
40165
40166
40167
40168
40169
40170
40171
40172
40173
40174
40175
40176
40177
40178
40179
40180
40181
40182
40183
40184
40185
40186
40187
40188
40189
40190
40191
40192
40193
40194
40195
40196
40197
40198
40199
)
;
flipMap         List<bool> 100{1};
}
)

// ************************************************************************* //
