/*--------------------------------*- C++ -*----------------------------------*\
| =========                 |                                                 |
| \\      /  F ield         | OpenFOAM: The Open Source CFD Toolbox           |
|  \\    /   O peration     | Version:  2.3.0                                 |
|   \\  /    A nd           | Web:      www.OpenFOAM.org                      |
|    \\/     M anipulation  |                                                 |
\*---------------------------------------------------------------------------*/
FoamFile
{
    version     2.0;
    format      ascii;
    class       vectorField;
    location    "constant/polyMesh";
    object      points;
}
// * * * * * * * * * * * * * * * * * * * * * * * * * * * * * * * * * * * * * //


882
(
(0.5 0.5 0)
(0.525 0.5 0)
(0.55 0.5 0)
(0.575 0.5 0)
(0.6 0.5 0)
(0.625 0.5 0)
(0.65 0.5 0)
(0.675 0.5 0)
(0.7 0.5 0)
(0.725 0.5 0)
(0.75 0.5 0)
(0.775 0.5 0)
(0.8 0.5 0)
(0.825 0.5 0)
(0.85 0.5 0)
(0.875 0.5 0)
(0.9 0.5 0)
(0.925 0.5 0)
(0.95 0.5 0)
(0.975 0.5 0)
(1 0.5 0)
(0.5 0.525 0)
(0.525 0.525 0)
(0.55 0.525 0)
(0.575 0.525 0)
(0.6 0.525 0)
(0.625 0.525 0)
(0.65 0.525 0)
(0.675 0.525 0)
(0.7 0.525 0)
(0.725 0.525 0)
(0.75 0.525 0)
(0.775 0.525 0)
(0.8 0.525 0)
(0.825 0.525 0)
(0.85 0.525 0)
(0.875 0.525 0)
(0.9 0.525 0)
(0.925 0.525 0)
(0.95 0.525 0)
(0.975 0.525 0)
(1 0.525 0)
(0.5 0.55 0)
(0.525 0.55 0)
(0.55 0.55 0)
(0.575 0.55 0)
(0.6 0.55 0)
(0.625 0.55 0)
(0.65 0.55 0)
(0.675 0.55 0)
(0.7 0.55 0)
(0.725 0.55 0)
(0.75 0.55 0)
(0.775 0.55 0)
(0.8 0.55 0)
(0.825 0.55 0)
(0.85 0.55 0)
(0.875 0.55 0)
(0.9 0.55 0)
(0.925 0.55 0)
(0.95 0.55 0)
(0.975 0.55 0)
(1 0.55 0)
(0.5 0.575 0)
(0.525 0.575 0)
(0.55 0.575 0)
(0.575 0.575 0)
(0.6 0.575 0)
(0.625 0.575 0)
(0.65 0.575 0)
(0.675 0.575 0)
(0.7 0.575 0)
(0.725 0.575 0)
(0.75 0.575 0)
(0.775 0.575 0)
(0.8 0.575 0)
(0.825 0.575 0)
(0.85 0.575 0)
(0.875 0.575 0)
(0.9 0.575 0)
(0.925 0.575 0)
(0.95 0.575 0)
(0.975 0.575 0)
(1 0.575 0)
(0.5 0.6 0)
(0.525 0.6 0)
(0.55 0.6 0)
(0.575 0.6 0)
(0.6 0.6 0)
(0.625 0.6 0)
(0.65 0.6 0)
(0.675 0.6 0)
(0.7 0.6 0)
(0.725 0.6 0)
(0.75 0.6 0)
(0.775 0.6 0)
(0.8 0.6 0)
(0.825 0.6 0)
(0.85 0.6 0)
(0.875 0.6 0)
(0.9 0.6 0)
(0.925 0.6 0)
(0.95 0.6 0)
(0.975 0.6 0)
(1 0.6 0)
(0.5 0.625 0)
(0.525 0.625 0)
(0.55 0.625 0)
(0.575 0.625 0)
(0.6 0.625 0)
(0.625 0.625 0)
(0.65 0.625 0)
(0.675 0.625 0)
(0.7 0.625 0)
(0.725 0.625 0)
(0.75 0.625 0)
(0.775 0.625 0)
(0.8 0.625 0)
(0.825 0.625 0)
(0.85 0.625 0)
(0.875 0.625 0)
(0.9 0.625 0)
(0.925 0.625 0)
(0.95 0.625 0)
(0.975 0.625 0)
(1 0.625 0)
(0.5 0.65 0)
(0.525 0.65 0)
(0.55 0.65 0)
(0.575 0.65 0)
(0.6 0.65 0)
(0.625 0.65 0)
(0.65 0.65 0)
(0.675 0.65 0)
(0.7 0.65 0)
(0.725 0.65 0)
(0.75 0.65 0)
(0.775 0.65 0)
(0.8 0.65 0)
(0.825 0.65 0)
(0.85 0.65 0)
(0.875 0.65 0)
(0.9 0.65 0)
(0.925 0.65 0)
(0.95 0.65 0)
(0.975 0.65 0)
(1 0.65 0)
(0.5 0.675 0)
(0.525 0.675 0)
(0.55 0.675 0)
(0.575 0.675 0)
(0.6 0.675 0)
(0.625 0.675 0)
(0.65 0.675 0)
(0.675 0.675 0)
(0.7 0.675 0)
(0.725 0.675 0)
(0.75 0.675 0)
(0.775 0.675 0)
(0.8 0.675 0)
(0.825 0.675 0)
(0.85 0.675 0)
(0.875 0.675 0)
(0.9 0.675 0)
(0.925 0.675 0)
(0.95 0.675 0)
(0.975 0.675 0)
(1 0.675 0)
(0.5 0.7 0)
(0.525 0.7 0)
(0.55 0.7 0)
(0.575 0.7 0)
(0.6 0.7 0)
(0.625 0.7 0)
(0.65 0.7 0)
(0.675 0.7 0)
(0.7 0.7 0)
(0.725 0.7 0)
(0.75 0.7 0)
(0.775 0.7 0)
(0.8 0.7 0)
(0.825 0.7 0)
(0.85 0.7 0)
(0.875 0.7 0)
(0.9 0.7 0)
(0.925 0.7 0)
(0.95 0.7 0)
(0.975 0.7 0)
(1 0.7 0)
(0.5 0.725 0)
(0.525 0.725 0)
(0.55 0.725 0)
(0.575 0.725 0)
(0.6 0.725 0)
(0.625 0.725 0)
(0.65 0.725 0)
(0.675 0.725 0)
(0.7 0.725 0)
(0.725 0.725 0)
(0.75 0.725 0)
(0.775 0.725 0)
(0.8 0.725 0)
(0.825 0.725 0)
(0.85 0.725 0)
(0.875 0.725 0)
(0.9 0.725 0)
(0.925 0.725 0)
(0.95 0.725 0)
(0.975 0.725 0)
(1 0.725 0)
(0.5 0.75 0)
(0.525 0.75 0)
(0.55 0.75 0)
(0.575 0.75 0)
(0.6 0.75 0)
(0.625 0.75 0)
(0.65 0.75 0)
(0.675 0.75 0)
(0.7 0.75 0)
(0.725 0.75 0)
(0.75 0.75 0)
(0.775 0.75 0)
(0.8 0.75 0)
(0.825 0.75 0)
(0.85 0.75 0)
(0.875 0.75 0)
(0.9 0.75 0)
(0.925 0.75 0)
(0.95 0.75 0)
(0.975 0.75 0)
(1 0.75 0)
(0.5 0.775 0)
(0.525 0.775 0)
(0.55 0.775 0)
(0.575 0.775 0)
(0.6 0.775 0)
(0.625 0.775 0)
(0.65 0.775 0)
(0.675 0.775 0)
(0.7 0.775 0)
(0.725 0.775 0)
(0.75 0.775 0)
(0.775 0.775 0)
(0.8 0.775 0)
(0.825 0.775 0)
(0.85 0.775 0)
(0.875 0.775 0)
(0.9 0.775 0)
(0.925 0.775 0)
(0.95 0.775 0)
(0.975 0.775 0)
(1 0.775 0)
(0.5 0.8 0)
(0.525 0.8 0)
(0.55 0.8 0)
(0.575 0.8 0)
(0.6 0.8 0)
(0.625 0.8 0)
(0.65 0.8 0)
(0.675 0.8 0)
(0.7 0.8 0)
(0.725 0.8 0)
(0.75 0.8 0)
(0.775 0.8 0)
(0.8 0.8 0)
(0.825 0.8 0)
(0.85 0.8 0)
(0.875 0.8 0)
(0.9 0.8 0)
(0.925 0.8 0)
(0.95 0.8 0)
(0.975 0.8 0)
(1 0.8 0)
(0.5 0.825 0)
(0.525 0.825 0)
(0.55 0.825 0)
(0.575 0.825 0)
(0.6 0.825 0)
(0.625 0.825 0)
(0.65 0.825 0)
(0.675 0.825 0)
(0.7 0.825 0)
(0.725 0.825 0)
(0.75 0.825 0)
(0.775 0.825 0)
(0.8 0.825 0)
(0.825 0.825 0)
(0.85 0.825 0)
(0.875 0.825 0)
(0.9 0.825 0)
(0.925 0.825 0)
(0.95 0.825 0)
(0.975 0.825 0)
(1 0.825 0)
(0.5 0.85 0)
(0.525 0.85 0)
(0.55 0.85 0)
(0.575 0.85 0)
(0.6 0.85 0)
(0.625 0.85 0)
(0.65 0.85 0)
(0.675 0.85 0)
(0.7 0.85 0)
(0.725 0.85 0)
(0.75 0.85 0)
(0.775 0.85 0)
(0.8 0.85 0)
(0.825 0.85 0)
(0.85 0.85 0)
(0.875 0.85 0)
(0.9 0.85 0)
(0.925 0.85 0)
(0.95 0.85 0)
(0.975 0.85 0)
(1 0.85 0)
(0.5 0.875 0)
(0.525 0.875 0)
(0.55 0.875 0)
(0.575 0.875 0)
(0.6 0.875 0)
(0.625 0.875 0)
(0.65 0.875 0)
(0.675 0.875 0)
(0.7 0.875 0)
(0.725 0.875 0)
(0.75 0.875 0)
(0.775 0.875 0)
(0.8 0.875 0)
(0.825 0.875 0)
(0.85 0.875 0)
(0.875 0.875 0)
(0.9 0.875 0)
(0.925 0.875 0)
(0.95 0.875 0)
(0.975 0.875 0)
(1 0.875 0)
(0.5 0.9 0)
(0.525 0.9 0)
(0.55 0.9 0)
(0.575 0.9 0)
(0.6 0.9 0)
(0.625 0.9 0)
(0.65 0.9 0)
(0.675 0.9 0)
(0.7 0.9 0)
(0.725 0.9 0)
(0.75 0.9 0)
(0.775 0.9 0)
(0.8 0.9 0)
(0.825 0.9 0)
(0.85 0.9 0)
(0.875 0.9 0)
(0.9 0.9 0)
(0.925 0.9 0)
(0.95 0.9 0)
(0.975 0.9 0)
(1 0.9 0)
(0.5 0.925 0)
(0.525 0.925 0)
(0.55 0.925 0)
(0.575 0.925 0)
(0.6 0.925 0)
(0.625 0.925 0)
(0.65 0.925 0)
(0.675 0.925 0)
(0.7 0.925 0)
(0.725 0.925 0)
(0.75 0.925 0)
(0.775 0.925 0)
(0.8 0.925 0)
(0.825 0.925 0)
(0.85 0.925 0)
(0.875 0.925 0)
(0.9 0.925 0)
(0.925 0.925 0)
(0.95 0.925 0)
(0.975 0.925 0)
(1 0.925 0)
(0.5 0.95 0)
(0.525 0.95 0)
(0.55 0.95 0)
(0.575 0.95 0)
(0.6 0.95 0)
(0.625 0.95 0)
(0.65 0.95 0)
(0.675 0.95 0)
(0.7 0.95 0)
(0.725 0.95 0)
(0.75 0.95 0)
(0.775 0.95 0)
(0.8 0.95 0)
(0.825 0.95 0)
(0.85 0.95 0)
(0.875 0.95 0)
(0.9 0.95 0)
(0.925 0.95 0)
(0.95 0.95 0)
(0.975 0.95 0)
(1 0.95 0)
(0.5 0.975 0)
(0.525 0.975 0)
(0.55 0.975 0)
(0.575 0.975 0)
(0.6 0.975 0)
(0.625 0.975 0)
(0.65 0.975 0)
(0.675 0.975 0)
(0.7 0.975 0)
(0.725 0.975 0)
(0.75 0.975 0)
(0.775 0.975 0)
(0.8 0.975 0)
(0.825 0.975 0)
(0.85 0.975 0)
(0.875 0.975 0)
(0.9 0.975 0)
(0.925 0.975 0)
(0.95 0.975 0)
(0.975 0.975 0)
(1 0.975 0)
(0.5 1 0)
(0.525 1 0)
(0.55 1 0)
(0.575 1 0)
(0.6 1 0)
(0.625 1 0)
(0.65 1 0)
(0.675 1 0)
(0.7 1 0)
(0.725 1 0)
(0.75 1 0)
(0.775 1 0)
(0.8 1 0)
(0.825 1 0)
(0.85 1 0)
(0.875 1 0)
(0.9 1 0)
(0.925 1 0)
(0.95 1 0)
(0.975 1 0)
(1 1 0)
(0.5 0.5 1)
(0.525 0.5 1)
(0.55 0.5 1)
(0.575 0.5 1)
(0.6 0.5 1)
(0.625 0.5 1)
(0.65 0.5 1)
(0.675 0.5 1)
(0.7 0.5 1)
(0.725 0.5 1)
(0.75 0.5 1)
(0.775 0.5 1)
(0.8 0.5 1)
(0.825 0.5 1)
(0.85 0.5 1)
(0.875 0.5 1)
(0.9 0.5 1)
(0.925 0.5 1)
(0.95 0.5 1)
(0.975 0.5 1)
(1 0.5 1)
(0.5 0.525 1)
(0.525 0.525 1)
(0.55 0.525 1)
(0.575 0.525 1)
(0.6 0.525 1)
(0.625 0.525 1)
(0.65 0.525 1)
(0.675 0.525 1)
(0.7 0.525 1)
(0.725 0.525 1)
(0.75 0.525 1)
(0.775 0.525 1)
(0.8 0.525 1)
(0.825 0.525 1)
(0.85 0.525 1)
(0.875 0.525 1)
(0.9 0.525 1)
(0.925 0.525 1)
(0.95 0.525 1)
(0.975 0.525 1)
(1 0.525 1)
(0.5 0.55 1)
(0.525 0.55 1)
(0.55 0.55 1)
(0.575 0.55 1)
(0.6 0.55 1)
(0.625 0.55 1)
(0.65 0.55 1)
(0.675 0.55 1)
(0.7 0.55 1)
(0.725 0.55 1)
(0.75 0.55 1)
(0.775 0.55 1)
(0.8 0.55 1)
(0.825 0.55 1)
(0.85 0.55 1)
(0.875 0.55 1)
(0.9 0.55 1)
(0.925 0.55 1)
(0.95 0.55 1)
(0.975 0.55 1)
(1 0.55 1)
(0.5 0.575 1)
(0.525 0.575 1)
(0.55 0.575 1)
(0.575 0.575 1)
(0.6 0.575 1)
(0.625 0.575 1)
(0.65 0.575 1)
(0.675 0.575 1)
(0.7 0.575 1)
(0.725 0.575 1)
(0.75 0.575 1)
(0.775 0.575 1)
(0.8 0.575 1)
(0.825 0.575 1)
(0.85 0.575 1)
(0.875 0.575 1)
(0.9 0.575 1)
(0.925 0.575 1)
(0.95 0.575 1)
(0.975 0.575 1)
(1 0.575 1)
(0.5 0.6 1)
(0.525 0.6 1)
(0.55 0.6 1)
(0.575 0.6 1)
(0.6 0.6 1)
(0.625 0.6 1)
(0.65 0.6 1)
(0.675 0.6 1)
(0.7 0.6 1)
(0.725 0.6 1)
(0.75 0.6 1)
(0.775 0.6 1)
(0.8 0.6 1)
(0.825 0.6 1)
(0.85 0.6 1)
(0.875 0.6 1)
(0.9 0.6 1)
(0.925 0.6 1)
(0.95 0.6 1)
(0.975 0.6 1)
(1 0.6 1)
(0.5 0.625 1)
(0.525 0.625 1)
(0.55 0.625 1)
(0.575 0.625 1)
(0.6 0.625 1)
(0.625 0.625 1)
(0.65 0.625 1)
(0.675 0.625 1)
(0.7 0.625 1)
(0.725 0.625 1)
(0.75 0.625 1)
(0.775 0.625 1)
(0.8 0.625 1)
(0.825 0.625 1)
(0.85 0.625 1)
(0.875 0.625 1)
(0.9 0.625 1)
(0.925 0.625 1)
(0.95 0.625 1)
(0.975 0.625 1)
(1 0.625 1)
(0.5 0.65 1)
(0.525 0.65 1)
(0.55 0.65 1)
(0.575 0.65 1)
(0.6 0.65 1)
(0.625 0.65 1)
(0.65 0.65 1)
(0.675 0.65 1)
(0.7 0.65 1)
(0.725 0.65 1)
(0.75 0.65 1)
(0.775 0.65 1)
(0.8 0.65 1)
(0.825 0.65 1)
(0.85 0.65 1)
(0.875 0.65 1)
(0.9 0.65 1)
(0.925 0.65 1)
(0.95 0.65 1)
(0.975 0.65 1)
(1 0.65 1)
(0.5 0.675 1)
(0.525 0.675 1)
(0.55 0.675 1)
(0.575 0.675 1)
(0.6 0.675 1)
(0.625 0.675 1)
(0.65 0.675 1)
(0.675 0.675 1)
(0.7 0.675 1)
(0.725 0.675 1)
(0.75 0.675 1)
(0.775 0.675 1)
(0.8 0.675 1)
(0.825 0.675 1)
(0.85 0.675 1)
(0.875 0.675 1)
(0.9 0.675 1)
(0.925 0.675 1)
(0.95 0.675 1)
(0.975 0.675 1)
(1 0.675 1)
(0.5 0.7 1)
(0.525 0.7 1)
(0.55 0.7 1)
(0.575 0.7 1)
(0.6 0.7 1)
(0.625 0.7 1)
(0.65 0.7 1)
(0.675 0.7 1)
(0.7 0.7 1)
(0.725 0.7 1)
(0.75 0.7 1)
(0.775 0.7 1)
(0.8 0.7 1)
(0.825 0.7 1)
(0.85 0.7 1)
(0.875 0.7 1)
(0.9 0.7 1)
(0.925 0.7 1)
(0.95 0.7 1)
(0.975 0.7 1)
(1 0.7 1)
(0.5 0.725 1)
(0.525 0.725 1)
(0.55 0.725 1)
(0.575 0.725 1)
(0.6 0.725 1)
(0.625 0.725 1)
(0.65 0.725 1)
(0.675 0.725 1)
(0.7 0.725 1)
(0.725 0.725 1)
(0.75 0.725 1)
(0.775 0.725 1)
(0.8 0.725 1)
(0.825 0.725 1)
(0.85 0.725 1)
(0.875 0.725 1)
(0.9 0.725 1)
(0.925 0.725 1)
(0.95 0.725 1)
(0.975 0.725 1)
(1 0.725 1)
(0.5 0.75 1)
(0.525 0.75 1)
(0.55 0.75 1)
(0.575 0.75 1)
(0.6 0.75 1)
(0.625 0.75 1)
(0.65 0.75 1)
(0.675 0.75 1)
(0.7 0.75 1)
(0.725 0.75 1)
(0.75 0.75 1)
(0.775 0.75 1)
(0.8 0.75 1)
(0.825 0.75 1)
(0.85 0.75 1)
(0.875 0.75 1)
(0.9 0.75 1)
(0.925 0.75 1)
(0.95 0.75 1)
(0.975 0.75 1)
(1 0.75 1)
(0.5 0.775 1)
(0.525 0.775 1)
(0.55 0.775 1)
(0.575 0.775 1)
(0.6 0.775 1)
(0.625 0.775 1)
(0.65 0.775 1)
(0.675 0.775 1)
(0.7 0.775 1)
(0.725 0.775 1)
(0.75 0.775 1)
(0.775 0.775 1)
(0.8 0.775 1)
(0.825 0.775 1)
(0.85 0.775 1)
(0.875 0.775 1)
(0.9 0.775 1)
(0.925 0.775 1)
(0.95 0.775 1)
(0.975 0.775 1)
(1 0.775 1)
(0.5 0.8 1)
(0.525 0.8 1)
(0.55 0.8 1)
(0.575 0.8 1)
(0.6 0.8 1)
(0.625 0.8 1)
(0.65 0.8 1)
(0.675 0.8 1)
(0.7 0.8 1)
(0.725 0.8 1)
(0.75 0.8 1)
(0.775 0.8 1)
(0.8 0.8 1)
(0.825 0.8 1)
(0.85 0.8 1)
(0.875 0.8 1)
(0.9 0.8 1)
(0.925 0.8 1)
(0.95 0.8 1)
(0.975 0.8 1)
(1 0.8 1)
(0.5 0.825 1)
(0.525 0.825 1)
(0.55 0.825 1)
(0.575 0.825 1)
(0.6 0.825 1)
(0.625 0.825 1)
(0.65 0.825 1)
(0.675 0.825 1)
(0.7 0.825 1)
(0.725 0.825 1)
(0.75 0.825 1)
(0.775 0.825 1)
(0.8 0.825 1)
(0.825 0.825 1)
(0.85 0.825 1)
(0.875 0.825 1)
(0.9 0.825 1)
(0.925 0.825 1)
(0.95 0.825 1)
(0.975 0.825 1)
(1 0.825 1)
(0.5 0.85 1)
(0.525 0.85 1)
(0.55 0.85 1)
(0.575 0.85 1)
(0.6 0.85 1)
(0.625 0.85 1)
(0.65 0.85 1)
(0.675 0.85 1)
(0.7 0.85 1)
(0.725 0.85 1)
(0.75 0.85 1)
(0.775 0.85 1)
(0.8 0.85 1)
(0.825 0.85 1)
(0.85 0.85 1)
(0.875 0.85 1)
(0.9 0.85 1)
(0.925 0.85 1)
(0.95 0.85 1)
(0.975 0.85 1)
(1 0.85 1)
(0.5 0.875 1)
(0.525 0.875 1)
(0.55 0.875 1)
(0.575 0.875 1)
(0.6 0.875 1)
(0.625 0.875 1)
(0.65 0.875 1)
(0.675 0.875 1)
(0.7 0.875 1)
(0.725 0.875 1)
(0.75 0.875 1)
(0.775 0.875 1)
(0.8 0.875 1)
(0.825 0.875 1)
(0.85 0.875 1)
(0.875 0.875 1)
(0.9 0.875 1)
(0.925 0.875 1)
(0.95 0.875 1)
(0.975 0.875 1)
(1 0.875 1)
(0.5 0.9 1)
(0.525 0.9 1)
(0.55 0.9 1)
(0.575 0.9 1)
(0.6 0.9 1)
(0.625 0.9 1)
(0.65 0.9 1)
(0.675 0.9 1)
(0.7 0.9 1)
(0.725 0.9 1)
(0.75 0.9 1)
(0.775 0.9 1)
(0.8 0.9 1)
(0.825 0.9 1)
(0.85 0.9 1)
(0.875 0.9 1)
(0.9 0.9 1)
(0.925 0.9 1)
(0.95 0.9 1)
(0.975 0.9 1)
(1 0.9 1)
(0.5 0.925 1)
(0.525 0.925 1)
(0.55 0.925 1)
(0.575 0.925 1)
(0.6 0.925 1)
(0.625 0.925 1)
(0.65 0.925 1)
(0.675 0.925 1)
(0.7 0.925 1)
(0.725 0.925 1)
(0.75 0.925 1)
(0.775 0.925 1)
(0.8 0.925 1)
(0.825 0.925 1)
(0.85 0.925 1)
(0.875 0.925 1)
(0.9 0.925 1)
(0.925 0.925 1)
(0.95 0.925 1)
(0.975 0.925 1)
(1 0.925 1)
(0.5 0.95 1)
(0.525 0.95 1)
(0.55 0.95 1)
(0.575 0.95 1)
(0.6 0.95 1)
(0.625 0.95 1)
(0.65 0.95 1)
(0.675 0.95 1)
(0.7 0.95 1)
(0.725 0.95 1)
(0.75 0.95 1)
(0.775 0.95 1)
(0.8 0.95 1)
(0.825 0.95 1)
(0.85 0.95 1)
(0.875 0.95 1)
(0.9 0.95 1)
(0.925 0.95 1)
(0.95 0.95 1)
(0.975 0.95 1)
(1 0.95 1)
(0.5 0.975 1)
(0.525 0.975 1)
(0.55 0.975 1)
(0.575 0.975 1)
(0.6 0.975 1)
(0.625 0.975 1)
(0.65 0.975 1)
(0.675 0.975 1)
(0.7 0.975 1)
(0.725 0.975 1)
(0.75 0.975 1)
(0.775 0.975 1)
(0.8 0.975 1)
(0.825 0.975 1)
(0.85 0.975 1)
(0.875 0.975 1)
(0.9 0.975 1)
(0.925 0.975 1)
(0.95 0.975 1)
(0.975 0.975 1)
(1 0.975 1)
(0.5 1 1)
(0.525 1 1)
(0.55 1 1)
(0.575 1 1)
(0.6 1 1)
(0.625 1 1)
(0.65 1 1)
(0.675 1 1)
(0.7 1 1)
(0.725 1 1)
(0.75 1 1)
(0.775 1 1)
(0.8 1 1)
(0.825 1 1)
(0.85 1 1)
(0.875 1 1)
(0.9 1 1)
(0.925 1 1)
(0.95 1 1)
(0.975 1 1)
(1 1 1)
)


// ************************************************************************* //
