/*--------------------------------*- C++ -*----------------------------------*\
| =========                 |                                                 |
| \\      /  F ield         | OpenFOAM: The Open Source CFD Toolbox           |
|  \\    /   O peration     | Version:  2.3.0                                 |
|   \\  /    A nd           | Web:      www.OpenFOAM.org                      |
|    \\/     M anipulation  |                                                 |
\*---------------------------------------------------------------------------*/
FoamFile
{
    version     2.0;
    format      ascii;
    class       labelList;
    location    "constant/polyMesh";
    object      pointProcAddressing;
}
// * * * * * * * * * * * * * * * * * * * * * * * * * * * * * * * * * * * * * //


882
(
0
1
2
3
4
5
6
7
8
9
10
11
12
13
14
15
16
17
18
19
20
41
42
43
44
45
46
47
48
49
50
51
52
53
54
55
56
57
58
59
60
61
82
83
84
85
86
87
88
89
90
91
92
93
94
95
96
97
98
99
100
101
102
123
124
125
126
127
128
129
130
131
132
133
134
135
136
137
138
139
140
141
142
143
164
165
166
167
168
169
170
171
172
173
174
175
176
177
178
179
180
181
182
183
184
205
206
207
208
209
210
211
212
213
214
215
216
217
218
219
220
221
222
223
224
225
246
247
248
249
250
251
252
253
254
255
256
257
258
259
260
261
262
263
264
265
266
287
288
289
290
291
292
293
294
295
296
297
298
299
300
301
302
303
304
305
306
307
328
329
330
331
332
333
334
335
336
337
338
339
340
341
342
343
344
345
346
347
348
369
370
371
372
373
374
375
376
377
378
379
380
381
382
383
384
385
386
387
388
389
410
411
412
413
414
415
416
417
418
419
420
421
422
423
424
425
426
427
428
429
430
451
452
453
454
455
456
457
458
459
460
461
462
463
464
465
466
467
468
469
470
471
492
493
494
495
496
497
498
499
500
501
502
503
504
505
506
507
508
509
510
511
512
533
534
535
536
537
538
539
540
541
542
543
544
545
546
547
548
549
550
551
552
553
574
575
576
577
578
579
580
581
582
583
584
585
586
587
588
589
590
591
592
593
594
615
616
617
618
619
620
621
622
623
624
625
626
627
628
629
630
631
632
633
634
635
656
657
658
659
660
661
662
663
664
665
666
667
668
669
670
671
672
673
674
675
676
697
698
699
700
701
702
703
704
705
706
707
708
709
710
711
712
713
714
715
716
717
738
739
740
741
742
743
744
745
746
747
748
749
750
751
752
753
754
755
756
757
758
779
780
781
782
783
784
785
786
787
788
789
790
791
792
793
794
795
796
797
798
799
820
821
822
823
824
825
826
827
828
829
830
831
832
833
834
835
836
837
838
839
840
1681
1682
1683
1684
1685
1686
1687
1688
1689
1690
1691
1692
1693
1694
1695
1696
1697
1698
1699
1700
1701
1722
1723
1724
1725
1726
1727
1728
1729
1730
1731
1732
1733
1734
1735
1736
1737
1738
1739
1740
1741
1742
1763
1764
1765
1766
1767
1768
1769
1770
1771
1772
1773
1774
1775
1776
1777
1778
1779
1780
1781
1782
1783
1804
1805
1806
1807
1808
1809
1810
1811
1812
1813
1814
1815
1816
1817
1818
1819
1820
1821
1822
1823
1824
1845
1846
1847
1848
1849
1850
1851
1852
1853
1854
1855
1856
1857
1858
1859
1860
1861
1862
1863
1864
1865
1886
1887
1888
1889
1890
1891
1892
1893
1894
1895
1896
1897
1898
1899
1900
1901
1902
1903
1904
1905
1906
1927
1928
1929
1930
1931
1932
1933
1934
1935
1936
1937
1938
1939
1940
1941
1942
1943
1944
1945
1946
1947
1968
1969
1970
1971
1972
1973
1974
1975
1976
1977
1978
1979
1980
1981
1982
1983
1984
1985
1986
1987
1988
2009
2010
2011
2012
2013
2014
2015
2016
2017
2018
2019
2020
2021
2022
2023
2024
2025
2026
2027
2028
2029
2050
2051
2052
2053
2054
2055
2056
2057
2058
2059
2060
2061
2062
2063
2064
2065
2066
2067
2068
2069
2070
2091
2092
2093
2094
2095
2096
2097
2098
2099
2100
2101
2102
2103
2104
2105
2106
2107
2108
2109
2110
2111
2132
2133
2134
2135
2136
2137
2138
2139
2140
2141
2142
2143
2144
2145
2146
2147
2148
2149
2150
2151
2152
2173
2174
2175
2176
2177
2178
2179
2180
2181
2182
2183
2184
2185
2186
2187
2188
2189
2190
2191
2192
2193
2214
2215
2216
2217
2218
2219
2220
2221
2222
2223
2224
2225
2226
2227
2228
2229
2230
2231
2232
2233
2234
2255
2256
2257
2258
2259
2260
2261
2262
2263
2264
2265
2266
2267
2268
2269
2270
2271
2272
2273
2274
2275
2296
2297
2298
2299
2300
2301
2302
2303
2304
2305
2306
2307
2308
2309
2310
2311
2312
2313
2314
2315
2316
2337
2338
2339
2340
2341
2342
2343
2344
2345
2346
2347
2348
2349
2350
2351
2352
2353
2354
2355
2356
2357
2378
2379
2380
2381
2382
2383
2384
2385
2386
2387
2388
2389
2390
2391
2392
2393
2394
2395
2396
2397
2398
2419
2420
2421
2422
2423
2424
2425
2426
2427
2428
2429
2430
2431
2432
2433
2434
2435
2436
2437
2438
2439
2460
2461
2462
2463
2464
2465
2466
2467
2468
2469
2470
2471
2472
2473
2474
2475
2476
2477
2478
2479
2480
2501
2502
2503
2504
2505
2506
2507
2508
2509
2510
2511
2512
2513
2514
2515
2516
2517
2518
2519
2520
2521
)


// ************************************************************************* //
