/*--------------------------------*- C++ -*----------------------------------*\
| =========                 |                                                 |
| \\      /  F ield         | OpenFOAM: The Open Source CFD Toolbox           |
|  \\    /   O peration     | Version:  2.3.0                                 |
|   \\  /    A nd           | Web:      www.OpenFOAM.org                      |
|    \\/     M anipulation  |                                                 |
\*---------------------------------------------------------------------------*/
FoamFile
{
    version     2.0;
    format      ascii;
    class       vectorField;
    location    "constant/polyMesh";
    object      points;
}
// * * * * * * * * * * * * * * * * * * * * * * * * * * * * * * * * * * * * * //


882
(
(0.5 0 0)
(0.525 0 0)
(0.55 0 0)
(0.575 0 0)
(0.6 0 0)
(0.625 0 0)
(0.65 0 0)
(0.675 0 0)
(0.7 0 0)
(0.725 0 0)
(0.75 0 0)
(0.775 0 0)
(0.8 0 0)
(0.825 0 0)
(0.85 0 0)
(0.875 0 0)
(0.9 0 0)
(0.925 0 0)
(0.95 0 0)
(0.975 0 0)
(1 0 0)
(0.5 0.025 0)
(0.525 0.025 0)
(0.55 0.025 0)
(0.575 0.025 0)
(0.6 0.025 0)
(0.625 0.025 0)
(0.65 0.025 0)
(0.675 0.025 0)
(0.7 0.025 0)
(0.725 0.025 0)
(0.75 0.025 0)
(0.775 0.025 0)
(0.8 0.025 0)
(0.825 0.025 0)
(0.85 0.025 0)
(0.875 0.025 0)
(0.9 0.025 0)
(0.925 0.025 0)
(0.95 0.025 0)
(0.975 0.025 0)
(1 0.025 0)
(0.5 0.05 0)
(0.525 0.05 0)
(0.55 0.05 0)
(0.575 0.05 0)
(0.6 0.05 0)
(0.625 0.05 0)
(0.65 0.05 0)
(0.675 0.05 0)
(0.7 0.05 0)
(0.725 0.05 0)
(0.75 0.05 0)
(0.775 0.05 0)
(0.8 0.05 0)
(0.825 0.05 0)
(0.85 0.05 0)
(0.875 0.05 0)
(0.9 0.05 0)
(0.925 0.05 0)
(0.95 0.05 0)
(0.975 0.05 0)
(1 0.05 0)
(0.5 0.075 0)
(0.525 0.075 0)
(0.55 0.075 0)
(0.575 0.075 0)
(0.6 0.075 0)
(0.625 0.075 0)
(0.65 0.075 0)
(0.675 0.075 0)
(0.7 0.075 0)
(0.725 0.075 0)
(0.75 0.075 0)
(0.775 0.075 0)
(0.8 0.075 0)
(0.825 0.075 0)
(0.85 0.075 0)
(0.875 0.075 0)
(0.9 0.075 0)
(0.925 0.075 0)
(0.95 0.075 0)
(0.975 0.075 0)
(1 0.075 0)
(0.5 0.1 0)
(0.525 0.1 0)
(0.55 0.1 0)
(0.575 0.1 0)
(0.6 0.1 0)
(0.625 0.1 0)
(0.65 0.1 0)
(0.675 0.1 0)
(0.7 0.1 0)
(0.725 0.1 0)
(0.75 0.1 0)
(0.775 0.1 0)
(0.8 0.1 0)
(0.825 0.1 0)
(0.85 0.1 0)
(0.875 0.1 0)
(0.9 0.1 0)
(0.925 0.1 0)
(0.95 0.1 0)
(0.975 0.1 0)
(1 0.1 0)
(0.5 0.125 0)
(0.525 0.125 0)
(0.55 0.125 0)
(0.575 0.125 0)
(0.6 0.125 0)
(0.625 0.125 0)
(0.65 0.125 0)
(0.675 0.125 0)
(0.7 0.125 0)
(0.725 0.125 0)
(0.75 0.125 0)
(0.775 0.125 0)
(0.8 0.125 0)
(0.825 0.125 0)
(0.85 0.125 0)
(0.875 0.125 0)
(0.9 0.125 0)
(0.925 0.125 0)
(0.95 0.125 0)
(0.975 0.125 0)
(1 0.125 0)
(0.5 0.15 0)
(0.525 0.15 0)
(0.55 0.15 0)
(0.575 0.15 0)
(0.6 0.15 0)
(0.625 0.15 0)
(0.65 0.15 0)
(0.675 0.15 0)
(0.7 0.15 0)
(0.725 0.15 0)
(0.75 0.15 0)
(0.775 0.15 0)
(0.8 0.15 0)
(0.825 0.15 0)
(0.85 0.15 0)
(0.875 0.15 0)
(0.9 0.15 0)
(0.925 0.15 0)
(0.95 0.15 0)
(0.975 0.15 0)
(1 0.15 0)
(0.5 0.175 0)
(0.525 0.175 0)
(0.55 0.175 0)
(0.575 0.175 0)
(0.6 0.175 0)
(0.625 0.175 0)
(0.65 0.175 0)
(0.675 0.175 0)
(0.7 0.175 0)
(0.725 0.175 0)
(0.75 0.175 0)
(0.775 0.175 0)
(0.8 0.175 0)
(0.825 0.175 0)
(0.85 0.175 0)
(0.875 0.175 0)
(0.9 0.175 0)
(0.925 0.175 0)
(0.95 0.175 0)
(0.975 0.175 0)
(1 0.175 0)
(0.5 0.2 0)
(0.525 0.2 0)
(0.55 0.2 0)
(0.575 0.2 0)
(0.6 0.2 0)
(0.625 0.2 0)
(0.65 0.2 0)
(0.675 0.2 0)
(0.7 0.2 0)
(0.725 0.2 0)
(0.75 0.2 0)
(0.775 0.2 0)
(0.8 0.2 0)
(0.825 0.2 0)
(0.85 0.2 0)
(0.875 0.2 0)
(0.9 0.2 0)
(0.925 0.2 0)
(0.95 0.2 0)
(0.975 0.2 0)
(1 0.2 0)
(0.5 0.225 0)
(0.525 0.225 0)
(0.55 0.225 0)
(0.575 0.225 0)
(0.6 0.225 0)
(0.625 0.225 0)
(0.65 0.225 0)
(0.675 0.225 0)
(0.7 0.225 0)
(0.725 0.225 0)
(0.75 0.225 0)
(0.775 0.225 0)
(0.8 0.225 0)
(0.825 0.225 0)
(0.85 0.225 0)
(0.875 0.225 0)
(0.9 0.225 0)
(0.925 0.225 0)
(0.95 0.225 0)
(0.975 0.225 0)
(1 0.225 0)
(0.5 0.25 0)
(0.525 0.25 0)
(0.55 0.25 0)
(0.575 0.25 0)
(0.6 0.25 0)
(0.625 0.25 0)
(0.65 0.25 0)
(0.675 0.25 0)
(0.7 0.25 0)
(0.725 0.25 0)
(0.75 0.25 0)
(0.775 0.25 0)
(0.8 0.25 0)
(0.825 0.25 0)
(0.85 0.25 0)
(0.875 0.25 0)
(0.9 0.25 0)
(0.925 0.25 0)
(0.95 0.25 0)
(0.975 0.25 0)
(1 0.25 0)
(0.5 0.275 0)
(0.525 0.275 0)
(0.55 0.275 0)
(0.575 0.275 0)
(0.6 0.275 0)
(0.625 0.275 0)
(0.65 0.275 0)
(0.675 0.275 0)
(0.7 0.275 0)
(0.725 0.275 0)
(0.75 0.275 0)
(0.775 0.275 0)
(0.8 0.275 0)
(0.825 0.275 0)
(0.85 0.275 0)
(0.875 0.275 0)
(0.9 0.275 0)
(0.925 0.275 0)
(0.95 0.275 0)
(0.975 0.275 0)
(1 0.275 0)
(0.5 0.3 0)
(0.525 0.3 0)
(0.55 0.3 0)
(0.575 0.3 0)
(0.6 0.3 0)
(0.625 0.3 0)
(0.65 0.3 0)
(0.675 0.3 0)
(0.7 0.3 0)
(0.725 0.3 0)
(0.75 0.3 0)
(0.775 0.3 0)
(0.8 0.3 0)
(0.825 0.3 0)
(0.85 0.3 0)
(0.875 0.3 0)
(0.9 0.3 0)
(0.925 0.3 0)
(0.95 0.3 0)
(0.975 0.3 0)
(1 0.3 0)
(0.5 0.325 0)
(0.525 0.325 0)
(0.55 0.325 0)
(0.575 0.325 0)
(0.6 0.325 0)
(0.625 0.325 0)
(0.65 0.325 0)
(0.675 0.325 0)
(0.7 0.325 0)
(0.725 0.325 0)
(0.75 0.325 0)
(0.775 0.325 0)
(0.8 0.325 0)
(0.825 0.325 0)
(0.85 0.325 0)
(0.875 0.325 0)
(0.9 0.325 0)
(0.925 0.325 0)
(0.95 0.325 0)
(0.975 0.325 0)
(1 0.325 0)
(0.5 0.35 0)
(0.525 0.35 0)
(0.55 0.35 0)
(0.575 0.35 0)
(0.6 0.35 0)
(0.625 0.35 0)
(0.65 0.35 0)
(0.675 0.35 0)
(0.7 0.35 0)
(0.725 0.35 0)
(0.75 0.35 0)
(0.775 0.35 0)
(0.8 0.35 0)
(0.825 0.35 0)
(0.85 0.35 0)
(0.875 0.35 0)
(0.9 0.35 0)
(0.925 0.35 0)
(0.95 0.35 0)
(0.975 0.35 0)
(1 0.35 0)
(0.5 0.375 0)
(0.525 0.375 0)
(0.55 0.375 0)
(0.575 0.375 0)
(0.6 0.375 0)
(0.625 0.375 0)
(0.65 0.375 0)
(0.675 0.375 0)
(0.7 0.375 0)
(0.725 0.375 0)
(0.75 0.375 0)
(0.775 0.375 0)
(0.8 0.375 0)
(0.825 0.375 0)
(0.85 0.375 0)
(0.875 0.375 0)
(0.9 0.375 0)
(0.925 0.375 0)
(0.95 0.375 0)
(0.975 0.375 0)
(1 0.375 0)
(0.5 0.4 0)
(0.525 0.4 0)
(0.55 0.4 0)
(0.575 0.4 0)
(0.6 0.4 0)
(0.625 0.4 0)
(0.65 0.4 0)
(0.675 0.4 0)
(0.7 0.4 0)
(0.725 0.4 0)
(0.75 0.4 0)
(0.775 0.4 0)
(0.8 0.4 0)
(0.825 0.4 0)
(0.85 0.4 0)
(0.875 0.4 0)
(0.9 0.4 0)
(0.925 0.4 0)
(0.95 0.4 0)
(0.975 0.4 0)
(1 0.4 0)
(0.5 0.425 0)
(0.525 0.425 0)
(0.55 0.425 0)
(0.575 0.425 0)
(0.6 0.425 0)
(0.625 0.425 0)
(0.65 0.425 0)
(0.675 0.425 0)
(0.7 0.425 0)
(0.725 0.425 0)
(0.75 0.425 0)
(0.775 0.425 0)
(0.8 0.425 0)
(0.825 0.425 0)
(0.85 0.425 0)
(0.875 0.425 0)
(0.9 0.425 0)
(0.925 0.425 0)
(0.95 0.425 0)
(0.975 0.425 0)
(1 0.425 0)
(0.5 0.45 0)
(0.525 0.45 0)
(0.55 0.45 0)
(0.575 0.45 0)
(0.6 0.45 0)
(0.625 0.45 0)
(0.65 0.45 0)
(0.675 0.45 0)
(0.7 0.45 0)
(0.725 0.45 0)
(0.75 0.45 0)
(0.775 0.45 0)
(0.8 0.45 0)
(0.825 0.45 0)
(0.85 0.45 0)
(0.875 0.45 0)
(0.9 0.45 0)
(0.925 0.45 0)
(0.95 0.45 0)
(0.975 0.45 0)
(1 0.45 0)
(0.5 0.475 0)
(0.525 0.475 0)
(0.55 0.475 0)
(0.575 0.475 0)
(0.6 0.475 0)
(0.625 0.475 0)
(0.65 0.475 0)
(0.675 0.475 0)
(0.7 0.475 0)
(0.725 0.475 0)
(0.75 0.475 0)
(0.775 0.475 0)
(0.8 0.475 0)
(0.825 0.475 0)
(0.85 0.475 0)
(0.875 0.475 0)
(0.9 0.475 0)
(0.925 0.475 0)
(0.95 0.475 0)
(0.975 0.475 0)
(1 0.475 0)
(0.5 0.5 0)
(0.525 0.5 0)
(0.55 0.5 0)
(0.575 0.5 0)
(0.6 0.5 0)
(0.625 0.5 0)
(0.65 0.5 0)
(0.675 0.5 0)
(0.7 0.5 0)
(0.725 0.5 0)
(0.75 0.5 0)
(0.775 0.5 0)
(0.8 0.5 0)
(0.825 0.5 0)
(0.85 0.5 0)
(0.875 0.5 0)
(0.9 0.5 0)
(0.925 0.5 0)
(0.95 0.5 0)
(0.975 0.5 0)
(1 0.5 0)
(0.5 0 1)
(0.525 0 1)
(0.55 0 1)
(0.575 0 1)
(0.6 0 1)
(0.625 0 1)
(0.65 0 1)
(0.675 0 1)
(0.7 0 1)
(0.725 0 1)
(0.75 0 1)
(0.775 0 1)
(0.8 0 1)
(0.825 0 1)
(0.85 0 1)
(0.875 0 1)
(0.9 0 1)
(0.925 0 1)
(0.95 0 1)
(0.975 0 1)
(1 0 1)
(0.5 0.025 1)
(0.525 0.025 1)
(0.55 0.025 1)
(0.575 0.025 1)
(0.6 0.025 1)
(0.625 0.025 1)
(0.65 0.025 1)
(0.675 0.025 1)
(0.7 0.025 1)
(0.725 0.025 1)
(0.75 0.025 1)
(0.775 0.025 1)
(0.8 0.025 1)
(0.825 0.025 1)
(0.85 0.025 1)
(0.875 0.025 1)
(0.9 0.025 1)
(0.925 0.025 1)
(0.95 0.025 1)
(0.975 0.025 1)
(1 0.025 1)
(0.5 0.05 1)
(0.525 0.05 1)
(0.55 0.05 1)
(0.575 0.05 1)
(0.6 0.05 1)
(0.625 0.05 1)
(0.65 0.05 1)
(0.675 0.05 1)
(0.7 0.05 1)
(0.725 0.05 1)
(0.75 0.05 1)
(0.775 0.05 1)
(0.8 0.05 1)
(0.825 0.05 1)
(0.85 0.05 1)
(0.875 0.05 1)
(0.9 0.05 1)
(0.925 0.05 1)
(0.95 0.05 1)
(0.975 0.05 1)
(1 0.05 1)
(0.5 0.075 1)
(0.525 0.075 1)
(0.55 0.075 1)
(0.575 0.075 1)
(0.6 0.075 1)
(0.625 0.075 1)
(0.65 0.075 1)
(0.675 0.075 1)
(0.7 0.075 1)
(0.725 0.075 1)
(0.75 0.075 1)
(0.775 0.075 1)
(0.8 0.075 1)
(0.825 0.075 1)
(0.85 0.075 1)
(0.875 0.075 1)
(0.9 0.075 1)
(0.925 0.075 1)
(0.95 0.075 1)
(0.975 0.075 1)
(1 0.075 1)
(0.5 0.1 1)
(0.525 0.1 1)
(0.55 0.1 1)
(0.575 0.1 1)
(0.6 0.1 1)
(0.625 0.1 1)
(0.65 0.1 1)
(0.675 0.1 1)
(0.7 0.1 1)
(0.725 0.1 1)
(0.75 0.1 1)
(0.775 0.1 1)
(0.8 0.1 1)
(0.825 0.1 1)
(0.85 0.1 1)
(0.875 0.1 1)
(0.9 0.1 1)
(0.925 0.1 1)
(0.95 0.1 1)
(0.975 0.1 1)
(1 0.1 1)
(0.5 0.125 1)
(0.525 0.125 1)
(0.55 0.125 1)
(0.575 0.125 1)
(0.6 0.125 1)
(0.625 0.125 1)
(0.65 0.125 1)
(0.675 0.125 1)
(0.7 0.125 1)
(0.725 0.125 1)
(0.75 0.125 1)
(0.775 0.125 1)
(0.8 0.125 1)
(0.825 0.125 1)
(0.85 0.125 1)
(0.875 0.125 1)
(0.9 0.125 1)
(0.925 0.125 1)
(0.95 0.125 1)
(0.975 0.125 1)
(1 0.125 1)
(0.5 0.15 1)
(0.525 0.15 1)
(0.55 0.15 1)
(0.575 0.15 1)
(0.6 0.15 1)
(0.625 0.15 1)
(0.65 0.15 1)
(0.675 0.15 1)
(0.7 0.15 1)
(0.725 0.15 1)
(0.75 0.15 1)
(0.775 0.15 1)
(0.8 0.15 1)
(0.825 0.15 1)
(0.85 0.15 1)
(0.875 0.15 1)
(0.9 0.15 1)
(0.925 0.15 1)
(0.95 0.15 1)
(0.975 0.15 1)
(1 0.15 1)
(0.5 0.175 1)
(0.525 0.175 1)
(0.55 0.175 1)
(0.575 0.175 1)
(0.6 0.175 1)
(0.625 0.175 1)
(0.65 0.175 1)
(0.675 0.175 1)
(0.7 0.175 1)
(0.725 0.175 1)
(0.75 0.175 1)
(0.775 0.175 1)
(0.8 0.175 1)
(0.825 0.175 1)
(0.85 0.175 1)
(0.875 0.175 1)
(0.9 0.175 1)
(0.925 0.175 1)
(0.95 0.175 1)
(0.975 0.175 1)
(1 0.175 1)
(0.5 0.2 1)
(0.525 0.2 1)
(0.55 0.2 1)
(0.575 0.2 1)
(0.6 0.2 1)
(0.625 0.2 1)
(0.65 0.2 1)
(0.675 0.2 1)
(0.7 0.2 1)
(0.725 0.2 1)
(0.75 0.2 1)
(0.775 0.2 1)
(0.8 0.2 1)
(0.825 0.2 1)
(0.85 0.2 1)
(0.875 0.2 1)
(0.9 0.2 1)
(0.925 0.2 1)
(0.95 0.2 1)
(0.975 0.2 1)
(1 0.2 1)
(0.5 0.225 1)
(0.525 0.225 1)
(0.55 0.225 1)
(0.575 0.225 1)
(0.6 0.225 1)
(0.625 0.225 1)
(0.65 0.225 1)
(0.675 0.225 1)
(0.7 0.225 1)
(0.725 0.225 1)
(0.75 0.225 1)
(0.775 0.225 1)
(0.8 0.225 1)
(0.825 0.225 1)
(0.85 0.225 1)
(0.875 0.225 1)
(0.9 0.225 1)
(0.925 0.225 1)
(0.95 0.225 1)
(0.975 0.225 1)
(1 0.225 1)
(0.5 0.25 1)
(0.525 0.25 1)
(0.55 0.25 1)
(0.575 0.25 1)
(0.6 0.25 1)
(0.625 0.25 1)
(0.65 0.25 1)
(0.675 0.25 1)
(0.7 0.25 1)
(0.725 0.25 1)
(0.75 0.25 1)
(0.775 0.25 1)
(0.8 0.25 1)
(0.825 0.25 1)
(0.85 0.25 1)
(0.875 0.25 1)
(0.9 0.25 1)
(0.925 0.25 1)
(0.95 0.25 1)
(0.975 0.25 1)
(1 0.25 1)
(0.5 0.275 1)
(0.525 0.275 1)
(0.55 0.275 1)
(0.575 0.275 1)
(0.6 0.275 1)
(0.625 0.275 1)
(0.65 0.275 1)
(0.675 0.275 1)
(0.7 0.275 1)
(0.725 0.275 1)
(0.75 0.275 1)
(0.775 0.275 1)
(0.8 0.275 1)
(0.825 0.275 1)
(0.85 0.275 1)
(0.875 0.275 1)
(0.9 0.275 1)
(0.925 0.275 1)
(0.95 0.275 1)
(0.975 0.275 1)
(1 0.275 1)
(0.5 0.3 1)
(0.525 0.3 1)
(0.55 0.3 1)
(0.575 0.3 1)
(0.6 0.3 1)
(0.625 0.3 1)
(0.65 0.3 1)
(0.675 0.3 1)
(0.7 0.3 1)
(0.725 0.3 1)
(0.75 0.3 1)
(0.775 0.3 1)
(0.8 0.3 1)
(0.825 0.3 1)
(0.85 0.3 1)
(0.875 0.3 1)
(0.9 0.3 1)
(0.925 0.3 1)
(0.95 0.3 1)
(0.975 0.3 1)
(1 0.3 1)
(0.5 0.325 1)
(0.525 0.325 1)
(0.55 0.325 1)
(0.575 0.325 1)
(0.6 0.325 1)
(0.625 0.325 1)
(0.65 0.325 1)
(0.675 0.325 1)
(0.7 0.325 1)
(0.725 0.325 1)
(0.75 0.325 1)
(0.775 0.325 1)
(0.8 0.325 1)
(0.825 0.325 1)
(0.85 0.325 1)
(0.875 0.325 1)
(0.9 0.325 1)
(0.925 0.325 1)
(0.95 0.325 1)
(0.975 0.325 1)
(1 0.325 1)
(0.5 0.35 1)
(0.525 0.35 1)
(0.55 0.35 1)
(0.575 0.35 1)
(0.6 0.35 1)
(0.625 0.35 1)
(0.65 0.35 1)
(0.675 0.35 1)
(0.7 0.35 1)
(0.725 0.35 1)
(0.75 0.35 1)
(0.775 0.35 1)
(0.8 0.35 1)
(0.825 0.35 1)
(0.85 0.35 1)
(0.875 0.35 1)
(0.9 0.35 1)
(0.925 0.35 1)
(0.95 0.35 1)
(0.975 0.35 1)
(1 0.35 1)
(0.5 0.375 1)
(0.525 0.375 1)
(0.55 0.375 1)
(0.575 0.375 1)
(0.6 0.375 1)
(0.625 0.375 1)
(0.65 0.375 1)
(0.675 0.375 1)
(0.7 0.375 1)
(0.725 0.375 1)
(0.75 0.375 1)
(0.775 0.375 1)
(0.8 0.375 1)
(0.825 0.375 1)
(0.85 0.375 1)
(0.875 0.375 1)
(0.9 0.375 1)
(0.925 0.375 1)
(0.95 0.375 1)
(0.975 0.375 1)
(1 0.375 1)
(0.5 0.4 1)
(0.525 0.4 1)
(0.55 0.4 1)
(0.575 0.4 1)
(0.6 0.4 1)
(0.625 0.4 1)
(0.65 0.4 1)
(0.675 0.4 1)
(0.7 0.4 1)
(0.725 0.4 1)
(0.75 0.4 1)
(0.775 0.4 1)
(0.8 0.4 1)
(0.825 0.4 1)
(0.85 0.4 1)
(0.875 0.4 1)
(0.9 0.4 1)
(0.925 0.4 1)
(0.95 0.4 1)
(0.975 0.4 1)
(1 0.4 1)
(0.5 0.425 1)
(0.525 0.425 1)
(0.55 0.425 1)
(0.575 0.425 1)
(0.6 0.425 1)
(0.625 0.425 1)
(0.65 0.425 1)
(0.675 0.425 1)
(0.7 0.425 1)
(0.725 0.425 1)
(0.75 0.425 1)
(0.775 0.425 1)
(0.8 0.425 1)
(0.825 0.425 1)
(0.85 0.425 1)
(0.875 0.425 1)
(0.9 0.425 1)
(0.925 0.425 1)
(0.95 0.425 1)
(0.975 0.425 1)
(1 0.425 1)
(0.5 0.45 1)
(0.525 0.45 1)
(0.55 0.45 1)
(0.575 0.45 1)
(0.6 0.45 1)
(0.625 0.45 1)
(0.65 0.45 1)
(0.675 0.45 1)
(0.7 0.45 1)
(0.725 0.45 1)
(0.75 0.45 1)
(0.775 0.45 1)
(0.8 0.45 1)
(0.825 0.45 1)
(0.85 0.45 1)
(0.875 0.45 1)
(0.9 0.45 1)
(0.925 0.45 1)
(0.95 0.45 1)
(0.975 0.45 1)
(1 0.45 1)
(0.5 0.475 1)
(0.525 0.475 1)
(0.55 0.475 1)
(0.575 0.475 1)
(0.6 0.475 1)
(0.625 0.475 1)
(0.65 0.475 1)
(0.675 0.475 1)
(0.7 0.475 1)
(0.725 0.475 1)
(0.75 0.475 1)
(0.775 0.475 1)
(0.8 0.475 1)
(0.825 0.475 1)
(0.85 0.475 1)
(0.875 0.475 1)
(0.9 0.475 1)
(0.925 0.475 1)
(0.95 0.475 1)
(0.975 0.475 1)
(1 0.475 1)
(0.5 0.5 1)
(0.525 0.5 1)
(0.55 0.5 1)
(0.575 0.5 1)
(0.6 0.5 1)
(0.625 0.5 1)
(0.65 0.5 1)
(0.675 0.5 1)
(0.7 0.5 1)
(0.725 0.5 1)
(0.75 0.5 1)
(0.775 0.5 1)
(0.8 0.5 1)
(0.825 0.5 1)
(0.85 0.5 1)
(0.875 0.5 1)
(0.9 0.5 1)
(0.925 0.5 1)
(0.95 0.5 1)
(0.975 0.5 1)
(1 0.5 1)
)


// ************************************************************************* //
