/*--------------------------------*- C++ -*----------------------------------*\
| =========                 |                                                 |
| \\      /  F ield         | OpenFOAM: The Open Source CFD Toolbox           |
|  \\    /   O peration     | Version:  2.3.0                                 |
|   \\  /    A nd           | Web:      www.OpenFOAM.org                      |
|    \\/     M anipulation  |                                                 |
\*---------------------------------------------------------------------------*/
FoamFile
{
    version     2.0;
    format      ascii;
    class       labelList;
    location    "constant/polyMesh";
    object      pointProcAddressing;
}
// * * * * * * * * * * * * * * * * * * * * * * * * * * * * * * * * * * * * * //


882
(
20
21
22
23
24
25
26
27
28
29
30
31
32
33
34
35
36
37
38
39
40
61
62
63
64
65
66
67
68
69
70
71
72
73
74
75
76
77
78
79
80
81
102
103
104
105
106
107
108
109
110
111
112
113
114
115
116
117
118
119
120
121
122
143
144
145
146
147
148
149
150
151
152
153
154
155
156
157
158
159
160
161
162
163
184
185
186
187
188
189
190
191
192
193
194
195
196
197
198
199
200
201
202
203
204
225
226
227
228
229
230
231
232
233
234
235
236
237
238
239
240
241
242
243
244
245
266
267
268
269
270
271
272
273
274
275
276
277
278
279
280
281
282
283
284
285
286
307
308
309
310
311
312
313
314
315
316
317
318
319
320
321
322
323
324
325
326
327
348
349
350
351
352
353
354
355
356
357
358
359
360
361
362
363
364
365
366
367
368
389
390
391
392
393
394
395
396
397
398
399
400
401
402
403
404
405
406
407
408
409
430
431
432
433
434
435
436
437
438
439
440
441
442
443
444
445
446
447
448
449
450
471
472
473
474
475
476
477
478
479
480
481
482
483
484
485
486
487
488
489
490
491
512
513
514
515
516
517
518
519
520
521
522
523
524
525
526
527
528
529
530
531
532
553
554
555
556
557
558
559
560
561
562
563
564
565
566
567
568
569
570
571
572
573
594
595
596
597
598
599
600
601
602
603
604
605
606
607
608
609
610
611
612
613
614
635
636
637
638
639
640
641
642
643
644
645
646
647
648
649
650
651
652
653
654
655
676
677
678
679
680
681
682
683
684
685
686
687
688
689
690
691
692
693
694
695
696
717
718
719
720
721
722
723
724
725
726
727
728
729
730
731
732
733
734
735
736
737
758
759
760
761
762
763
764
765
766
767
768
769
770
771
772
773
774
775
776
777
778
799
800
801
802
803
804
805
806
807
808
809
810
811
812
813
814
815
816
817
818
819
840
841
842
843
844
845
846
847
848
849
850
851
852
853
854
855
856
857
858
859
860
1701
1702
1703
1704
1705
1706
1707
1708
1709
1710
1711
1712
1713
1714
1715
1716
1717
1718
1719
1720
1721
1742
1743
1744
1745
1746
1747
1748
1749
1750
1751
1752
1753
1754
1755
1756
1757
1758
1759
1760
1761
1762
1783
1784
1785
1786
1787
1788
1789
1790
1791
1792
1793
1794
1795
1796
1797
1798
1799
1800
1801
1802
1803
1824
1825
1826
1827
1828
1829
1830
1831
1832
1833
1834
1835
1836
1837
1838
1839
1840
1841
1842
1843
1844
1865
1866
1867
1868
1869
1870
1871
1872
1873
1874
1875
1876
1877
1878
1879
1880
1881
1882
1883
1884
1885
1906
1907
1908
1909
1910
1911
1912
1913
1914
1915
1916
1917
1918
1919
1920
1921
1922
1923
1924
1925
1926
1947
1948
1949
1950
1951
1952
1953
1954
1955
1956
1957
1958
1959
1960
1961
1962
1963
1964
1965
1966
1967
1988
1989
1990
1991
1992
1993
1994
1995
1996
1997
1998
1999
2000
2001
2002
2003
2004
2005
2006
2007
2008
2029
2030
2031
2032
2033
2034
2035
2036
2037
2038
2039
2040
2041
2042
2043
2044
2045
2046
2047
2048
2049
2070
2071
2072
2073
2074
2075
2076
2077
2078
2079
2080
2081
2082
2083
2084
2085
2086
2087
2088
2089
2090
2111
2112
2113
2114
2115
2116
2117
2118
2119
2120
2121
2122
2123
2124
2125
2126
2127
2128
2129
2130
2131
2152
2153
2154
2155
2156
2157
2158
2159
2160
2161
2162
2163
2164
2165
2166
2167
2168
2169
2170
2171
2172
2193
2194
2195
2196
2197
2198
2199
2200
2201
2202
2203
2204
2205
2206
2207
2208
2209
2210
2211
2212
2213
2234
2235
2236
2237
2238
2239
2240
2241
2242
2243
2244
2245
2246
2247
2248
2249
2250
2251
2252
2253
2254
2275
2276
2277
2278
2279
2280
2281
2282
2283
2284
2285
2286
2287
2288
2289
2290
2291
2292
2293
2294
2295
2316
2317
2318
2319
2320
2321
2322
2323
2324
2325
2326
2327
2328
2329
2330
2331
2332
2333
2334
2335
2336
2357
2358
2359
2360
2361
2362
2363
2364
2365
2366
2367
2368
2369
2370
2371
2372
2373
2374
2375
2376
2377
2398
2399
2400
2401
2402
2403
2404
2405
2406
2407
2408
2409
2410
2411
2412
2413
2414
2415
2416
2417
2418
2439
2440
2441
2442
2443
2444
2445
2446
2447
2448
2449
2450
2451
2452
2453
2454
2455
2456
2457
2458
2459
2480
2481
2482
2483
2484
2485
2486
2487
2488
2489
2490
2491
2492
2493
2494
2495
2496
2497
2498
2499
2500
2521
2522
2523
2524
2525
2526
2527
2528
2529
2530
2531
2532
2533
2534
2535
2536
2537
2538
2539
2540
2541
)


// ************************************************************************* //
