/*--------------------------------*- C++ -*----------------------------------*\
| =========                 |                                                 |
| \\      /  F ield         | OpenFOAM: The Open Source CFD Toolbox           |
|  \\    /   O peration     | Version:  2.3.0                                 |
|   \\  /    A nd           | Web:      www.OpenFOAM.org                      |
|    \\/     M anipulation  |                                                 |
\*---------------------------------------------------------------------------*/
FoamFile
{
    version     2.0;
    format      ascii;
    class       regIOobject;
    location    "constant/polyMesh";
    object      pointZones;
}
// * * * * * * * * * * * * * * * * * * * * * * * * * * * * * * * * * * * * * //

1
(
cuboPuntos
{
    type pointZone;
pointLabels     List<label> 
364
(
4524
4525
4526
4527
4528
4529
4530
4531
4532
4533
4534
4535
4536
4537
4576
4577
4578
4579
4580
4581
4582
4583
4584
4585
4586
4587
4588
4589
4628
4629
4630
4631
4632
4633
4634
4635
4636
4637
4638
4639
4640
4641
4680
4681
4682
4683
4684
4685
4686
4687
4688
4689
4690
4691
4692
4693
4732
4733
4734
4735
4736
4737
4738
4739
4740
4741
4742
4743
4744
4745
4784
4785
4786
4787
4788
4789
4790
4791
4792
4793
4794
4795
4796
4797
4836
4837
4838
4839
4840
4841
4842
4843
4844
4845
4846
4847
4848
4849
4888
4889
4890
4891
4892
4893
4894
4895
4896
4897
4898
4899
4900
4901
4940
4941
4942
4943
4944
4945
4946
4947
4948
4949
4950
4951
4952
4953
4992
4993
4994
4995
4996
4997
4998
4999
5000
5001
5002
5003
5004
5005
5044
5045
5046
5047
5048
5049
5050
5051
5052
5053
5054
5055
5056
5057
5096
5097
5098
5099
5100
5101
5102
5103
5104
5105
5106
5107
5108
5109
5148
5149
5150
5151
5152
5153
5154
5155
5156
5157
5158
5159
5160
5161
9724
9725
9726
9727
9728
9729
9730
9731
9732
9733
9734
9735
9736
9737
9776
9777
9778
9779
9780
9781
9782
9783
9784
9785
9786
9787
9788
9789
9828
9829
9830
9831
9832
9833
9834
9835
9836
9837
9838
9839
9840
9841
9880
9881
9882
9883
9884
9885
9886
9887
9888
9889
9890
9891
9892
9893
9932
9933
9934
9935
9936
9937
9938
9939
9940
9941
9942
9943
9944
9945
9984
9985
9986
9987
9988
9989
9990
9991
9992
9993
9994
9995
9996
9997
10036
10037
10038
10039
10040
10041
10042
10043
10044
10045
10046
10047
10048
10049
10088
10089
10090
10091
10092
10093
10094
10095
10096
10097
10098
10099
10100
10101
10140
10141
10142
10143
10144
10145
10146
10147
10148
10149
10150
10151
10152
10153
10192
10193
10194
10195
10196
10197
10198
10199
10200
10201
10202
10203
10204
10205
10244
10245
10246
10247
10248
10249
10250
10251
10252
10253
10254
10255
10256
10257
10296
10297
10298
10299
10300
10301
10302
10303
10304
10305
10306
10307
10308
10309
10348
10349
10350
10351
10352
10353
10354
10355
10356
10357
10358
10359
10360
10361
)
;
}
)

// ************************************************************************* //
