/*--------------------------------*- C++ -*----------------------------------*\
| =========                 |                                                 |
| \\      /  F ield         | OpenFOAM: The Open Source CFD Toolbox           |
|  \\    /   O peration     | Version:  2.3.0                                 |
|   \\  /    A nd           | Web:      www.OpenFOAM.org                      |
|    \\/     M anipulation  |                                                 |
\*---------------------------------------------------------------------------*/
FoamFile
{
    version     2.0;
    format      ascii;
    class       regIOobject;
    location    "constant/polyMesh";
    object      faceZones;
}
// * * * * * * * * * * * * * * * * * * * * * * * * * * * * * * * * * * * * * //

8
(
tapaIzquierda
{
    type faceZone;
faceLabels      0();
flipMap         0();
}

tapaDerecha
{
    type faceZone;
faceLabels      0();
flipMap         0();
}

tapaArriba
{
    type faceZone;
faceLabels      0();
flipMap         0();
}

tapaAbajo
{
    type faceZone;
faceLabels      0();
flipMap         0();
}

vertical2Der
{
    type faceZone;
faceLabels      List<label> 
100
(
40001
40003
40005
40007
40009
40011
40013
40015
40017
40019
40021
40023
40025
40027
40029
40031
40033
40035
40037
40039
40041
40043
40045
40047
40049
40051
40053
40055
40057
40059
40061
40063
40065
40067
40069
40071
40073
40075
40077
40079
40081
40083
40085
40087
40089
40091
40093
40095
40097
40099
40101
40103
40105
40107
40109
40111
40113
40115
40117
40119
40121
40123
40125
40127
40129
40131
40133
40135
40137
40139
40141
40143
40145
40147
40149
40151
40153
40155
40157
40159
40161
40163
40165
40167
40169
40171
40173
40175
40177
40179
40181
40183
40185
40187
40189
40191
40193
40195
40197
40199
)
;
flipMap         List<bool> 100{1};
}

horizontal1Inf
{
    type faceZone;
faceLabels      List<label> 
100
(
40200
40201
40202
40203
40204
40205
40206
40207
40208
40209
40210
40211
40212
40213
40214
40215
40216
40217
40218
40219
40220
40221
40222
40223
40224
40225
40226
40227
40228
40229
40230
40231
40232
40233
40234
40235
40236
40237
40238
40239
40240
40241
40242
40243
40244
40245
40246
40247
40248
40249
40250
40251
40252
40253
40254
40255
40256
40257
40258
40259
40260
40261
40262
40263
40264
40265
40266
40267
40268
40269
40270
40271
40272
40273
40274
40275
40276
40277
40278
40279
40280
40281
40282
40283
40284
40285
40286
40287
40288
40289
40290
40291
40292
40293
40294
40295
40296
40297
40298
40299
)
;
flipMap         List<bool> 100{1};
}

vertical1Izq
{
    type faceZone;
faceLabels      List<label> 
100
(
40000
40002
40004
40006
40008
40010
40012
40014
40016
40018
40020
40022
40024
40026
40028
40030
40032
40034
40036
40038
40040
40042
40044
40046
40048
40050
40052
40054
40056
40058
40060
40062
40064
40066
40068
40070
40072
40074
40076
40078
40080
40082
40084
40086
40088
40090
40092
40094
40096
40098
40100
40102
40104
40106
40108
40110
40112
40114
40116
40118
40120
40122
40124
40126
40128
40130
40132
40134
40136
40138
40140
40142
40144
40146
40148
40150
40152
40154
40156
40158
40160
40162
40164
40166
40168
40170
40172
40174
40176
40178
40180
40182
40184
40186
40188
40190
40192
40194
40196
40198
)
;
flipMap         List<bool> 100{1};
}

horizontal2Sup
{
    type faceZone;
faceLabels      List<label> 
100
(
40300
40301
40302
40303
40304
40305
40306
40307
40308
40309
40310
40311
40312
40313
40314
40315
40316
40317
40318
40319
40320
40321
40322
40323
40324
40325
40326
40327
40328
40329
40330
40331
40332
40333
40334
40335
40336
40337
40338
40339
40340
40341
40342
40343
40344
40345
40346
40347
40348
40349
40350
40351
40352
40353
40354
40355
40356
40357
40358
40359
40360
40361
40362
40363
40364
40365
40366
40367
40368
40369
40370
40371
40372
40373
40374
40375
40376
40377
40378
40379
40380
40381
40382
40383
40384
40385
40386
40387
40388
40389
40390
40391
40392
40393
40394
40395
40396
40397
40398
40399
)
;
flipMap         List<bool> 100{1};
}
)

// ************************************************************************* //
