/*--------------------------------*- C++ -*----------------------------------*\
| =========                 |                                                 |
| \\      /  F ield         | OpenFOAM: The Open Source CFD Toolbox           |
|  \\    /   O peration     | Version:  2.3.0                                 |
|   \\  /    A nd           | Web:      www.OpenFOAM.org                      |
|    \\/     M anipulation  |                                                 |
\*---------------------------------------------------------------------------*/
FoamFile
{
    version     2.0;
    format      ascii;
    class       regIOobject;
    location    "constant/polyMesh";
    object      faceZones;
}
// * * * * * * * * * * * * * * * * * * * * * * * * * * * * * * * * * * * * * //

8
(
tapaIzquierda
{
    type faceZone;
faceLabels      List<label> 
100
(
122
321
520
719
918
1117
1316
1515
1714
1913
2112
2311
2510
2709
2908
3107
3306
3505
3704
3903
4102
4301
4500
4699
4898
5097
5296
5495
5694
5893
6092
6291
6490
6689
6888
7087
7286
7485
7684
7883
8082
8281
8480
8679
8878
9077
9276
9475
9674
9873
10072
10271
10470
10669
10868
11067
11266
11465
11664
11863
12062
12261
12460
12659
12858
13057
13256
13455
13654
13853
14052
14251
14450
14649
14848
15047
15246
15445
15644
15843
16042
16241
16440
16639
16838
17037
17236
17435
17634
17833
18032
18231
18430
18629
18828
19027
19226
19425
19624
19762
)
;
flipMap         List<bool> 100{1};
}

tapaDerecha
{
    type faceZone;
faceLabels      List<label> 
100
(
172
371
570
769
968
1167
1366
1565
1764
1963
2162
2361
2560
2759
2958
3157
3356
3555
3754
3953
4152
4351
4550
4749
4948
5147
5346
5545
5744
5943
6142
6341
6540
6739
6938
7137
7336
7535
7734
7933
8132
8331
8530
8729
8928
9127
9326
9525
9724
9923
10122
10321
10520
10719
10918
11117
11316
11515
11714
11913
12112
12311
12510
12709
12908
13107
13306
13505
13704
13903
14102
14301
14500
14699
14898
15097
15296
15495
15694
15893
16092
16291
16490
16689
16888
17087
17286
17485
17684
17883
18082
18281
18480
18679
18878
19077
19276
19475
19674
19787
)
;
flipMap         List<bool> 100{0};
}

tapaArriba
{
    type faceZone;
faceLabels      List<label> 
100
(
12140
12142
12144
12146
12148
12150
12152
12154
12156
12158
12160
12162
12164
12166
12168
12170
12172
12174
12176
12178
12180
12182
12184
12186
12188
12190
12192
12194
12196
12198
12200
12202
12204
12206
12208
12210
12212
12214
12216
12218
12220
12222
12224
12226
12228
12230
12232
12234
12236
12238
12240
12242
12244
12246
12248
12250
12252
12254
12256
12258
12260
12262
12264
12266
12268
12270
12272
12274
12276
12278
12280
12282
12284
12286
12288
12290
12292
12294
12296
12298
12300
12302
12304
12306
12308
12310
12312
12314
12316
12318
12320
12322
12324
12326
12328
12330
12332
12334
12336
12337
)
;
flipMap         List<bool> 100{0};
}

tapaAbajo
{
    type faceZone;
faceLabels      List<label> 
100
(
7165
7167
7169
7171
7173
7175
7177
7179
7181
7183
7185
7187
7189
7191
7193
7195
7197
7199
7201
7203
7205
7207
7209
7211
7213
7215
7217
7219
7221
7223
7225
7227
7229
7231
7233
7235
7237
7239
7241
7243
7245
7247
7249
7251
7253
7255
7257
7259
7261
7263
7265
7267
7269
7271
7273
7275
7277
7279
7281
7283
7285
7287
7289
7291
7293
7295
7297
7299
7301
7303
7305
7307
7309
7311
7313
7315
7317
7319
7321
7323
7325
7327
7329
7331
7333
7335
7337
7339
7341
7343
7345
7347
7349
7351
7353
7355
7357
7359
7361
7362
)
;
flipMap         List<bool> 100{1};
}

vertical2Izq
{
    type faceZone;
faceLabels      List<label> 
100
(
40001
40003
40005
40007
40009
40011
40013
40015
40017
40019
40021
40023
40025
40027
40029
40031
40033
40035
40037
40039
40041
40043
40045
40047
40049
40051
40053
40055
40057
40059
40061
40063
40065
40067
40069
40071
40073
40075
40077
40079
40081
40083
40085
40087
40089
40091
40093
40095
40097
40099
40101
40103
40105
40107
40109
40111
40113
40115
40117
40119
40121
40123
40125
40127
40129
40131
40133
40135
40137
40139
40141
40143
40145
40147
40149
40151
40153
40155
40157
40159
40161
40163
40165
40167
40169
40171
40173
40175
40177
40179
40181
40183
40185
40187
40189
40191
40193
40195
40197
40199
)
;
flipMap         List<bool> 100{1};
}

horizontal2Inf
{
    type faceZone;
faceLabels      List<label> 
100
(
39900
39901
39902
39903
39904
39905
39906
39907
39908
39909
39910
39911
39912
39913
39914
39915
39916
39917
39918
39919
39920
39921
39922
39923
39924
39925
39926
39927
39928
39929
39930
39931
39932
39933
39934
39935
39936
39937
39938
39939
39940
39941
39942
39943
39944
39945
39946
39947
39948
39949
39950
39951
39952
39953
39954
39955
39956
39957
39958
39959
39960
39961
39962
39963
39964
39965
39966
39967
39968
39969
39970
39971
39972
39973
39974
39975
39976
39977
39978
39979
39980
39981
39982
39983
39984
39985
39986
39987
39988
39989
39990
39991
39992
39993
39994
39995
39996
39997
39998
39999
)
;
flipMap         List<bool> 100{1};
}

vertical1Der
{
    type faceZone;
faceLabels      List<label> 
100
(
40000
40002
40004
40006
40008
40010
40012
40014
40016
40018
40020
40022
40024
40026
40028
40030
40032
40034
40036
40038
40040
40042
40044
40046
40048
40050
40052
40054
40056
40058
40060
40062
40064
40066
40068
40070
40072
40074
40076
40078
40080
40082
40084
40086
40088
40090
40092
40094
40096
40098
40100
40102
40104
40106
40108
40110
40112
40114
40116
40118
40120
40122
40124
40126
40128
40130
40132
40134
40136
40138
40140
40142
40144
40146
40148
40150
40152
40154
40156
40158
40160
40162
40164
40166
40168
40170
40172
40174
40176
40178
40180
40182
40184
40186
40188
40190
40192
40194
40196
40198
)
;
flipMap         List<bool> 100{1};
}

horizontal1Sup
{
    type faceZone;
faceLabels      List<label> 
100
(
39800
39801
39802
39803
39804
39805
39806
39807
39808
39809
39810
39811
39812
39813
39814
39815
39816
39817
39818
39819
39820
39821
39822
39823
39824
39825
39826
39827
39828
39829
39830
39831
39832
39833
39834
39835
39836
39837
39838
39839
39840
39841
39842
39843
39844
39845
39846
39847
39848
39849
39850
39851
39852
39853
39854
39855
39856
39857
39858
39859
39860
39861
39862
39863
39864
39865
39866
39867
39868
39869
39870
39871
39872
39873
39874
39875
39876
39877
39878
39879
39880
39881
39882
39883
39884
39885
39886
39887
39888
39889
39890
39891
39892
39893
39894
39895
39896
39897
39898
39899
)
;
flipMap         List<bool> 100{1};
}
)

// ************************************************************************* //
