/*--------------------------------*- C++ -*----------------------------------*\
| =========                 |                                                 |
| \\      /  F ield         | OpenFOAM: The Open Source CFD Toolbox           |
|  \\    /   O peration     | Version:  2.3.0                                 |
|   \\  /    A nd           | Web:      www.OpenFOAM.org                      |
|    \\/     M anipulation  |                                                 |
\*---------------------------------------------------------------------------*/
FoamFile
{
    version     2.0;
    format      ascii;
    class       regIOobject;
    location    "constant/polyMesh";
    object      cellZones;
}
// * * * * * * * * * * * * * * * * * * * * * * * * * * * * * * * * * * * * * //

4
(
c0
{
    type cellZone;
cellLabels      0();
}

movilHorizontal
{
    type cellZone;
cellLabels      List<label> 
1781
(
0
1
2
3
4
5
6
7
8
9
10
11
12
13
14
15
16
17
18
19
20
21
22
23
24
25
26
27
28
29
30
31
32
33
34
35
36
37
38
39
40
41
42
43
44
45
46
47
48
49
50
51
52
53
54
55
56
57
58
59
60
61
62
63
64
65
66
67
68
69
70
71
72
73
74
75
76
77
78
79
80
81
82
83
84
85
86
87
88
89
90
91
92
93
94
95
96
97
98
99
100
101
102
103
104
105
106
107
108
109
110
111
112
113
114
115
116
117
118
119
120
121
122
123
124
125
126
127
128
129
130
131
132
133
134
135
136
149
150
151
152
153
154
155
156
157
158
159
160
161
162
163
164
165
166
167
168
169
170
171
172
173
174
175
176
177
178
179
180
181
182
183
184
185
186
187
188
189
190
191
192
193
194
195
196
197
198
199
200
201
202
203
204
205
206
207
208
209
210
211
212
213
214
215
216
217
218
219
220
221
222
223
224
225
226
227
228
229
230
231
232
233
234
235
236
237
238
239
240
241
242
243
244
245
246
247
248
249
250
251
252
253
254
255
256
257
258
259
260
261
262
263
264
265
266
267
268
269
270
271
272
273
274
275
276
277
278
279
280
281
282
283
284
285
298
299
300
301
302
303
304
305
306
307
308
309
310
311
312
313
314
315
316
317
318
319
320
321
322
323
324
325
326
327
328
329
330
331
332
333
334
335
336
337
338
339
340
341
342
343
344
345
346
347
348
349
350
351
352
353
354
355
356
357
358
359
360
361
362
363
364
365
366
367
368
369
370
371
372
373
374
375
376
377
378
379
380
381
382
383
384
385
386
387
388
389
390
391
392
393
394
395
396
397
398
399
400
401
402
403
404
405
406
407
408
409
410
411
412
413
414
415
416
417
418
419
420
421
422
423
424
425
426
427
428
429
430
431
432
433
434
447
448
449
450
451
452
453
454
455
456
457
458
459
460
461
462
463
464
465
466
467
468
469
470
471
472
473
474
475
476
477
478
479
480
481
482
483
484
485
486
487
488
489
490
491
492
493
494
495
496
497
498
499
500
501
502
503
504
505
506
507
508
509
510
511
512
513
514
515
516
517
518
519
520
521
522
523
524
525
526
527
528
529
530
531
532
533
534
535
536
537
538
539
540
541
542
543
544
545
546
547
548
549
550
551
552
553
554
555
556
557
558
559
560
561
562
563
564
565
566
567
568
569
570
571
572
573
574
575
576
577
578
579
580
581
582
583
596
597
598
599
600
601
602
603
604
605
606
607
608
609
610
611
612
613
614
615
616
617
618
619
620
621
622
623
624
625
626
627
628
629
630
631
632
633
634
635
636
637
638
639
640
641
642
643
644
645
646
647
648
649
650
651
652
653
654
655
656
657
658
659
660
661
662
663
664
665
666
667
668
669
670
671
672
673
674
675
676
677
678
679
680
681
682
683
684
685
686
687
688
689
690
691
692
693
694
695
696
697
698
699
700
701
702
703
704
705
706
707
708
709
710
711
712
713
714
715
716
717
718
719
720
721
722
723
724
725
726
727
728
729
730
731
732
745
746
747
748
749
750
751
752
753
754
755
756
757
758
759
760
761
762
763
764
765
766
767
768
769
770
771
772
773
774
775
776
777
778
779
780
781
782
783
784
785
786
787
788
789
790
791
792
793
794
795
796
797
798
799
800
801
802
803
804
805
806
807
808
809
810
811
812
813
814
815
816
817
818
819
820
821
822
823
824
825
826
827
828
829
830
831
832
833
834
835
836
837
838
839
840
841
842
843
844
845
846
847
848
849
850
851
852
853
854
855
856
857
858
859
860
861
862
863
864
865
866
867
868
869
870
871
872
873
874
875
876
877
878
879
880
881
894
895
896
897
898
899
900
901
902
903
904
905
906
907
908
909
910
911
912
913
914
915
916
917
918
919
920
921
922
923
924
925
926
927
928
929
930
931
932
933
934
935
936
937
938
939
940
941
942
943
944
945
946
947
948
949
950
951
952
953
954
955
956
957
958
959
960
961
962
963
964
965
966
967
968
969
970
971
972
973
974
975
976
977
978
979
980
981
982
983
984
985
986
987
988
989
990
991
992
993
994
995
996
997
998
999
1000
1001
1002
1003
1004
1005
1006
1007
1008
1009
1010
1011
1012
1013
1014
1015
1016
1017
1018
1019
1020
1021
1022
1023
1024
1025
1026
1027
1028
1029
1030
1043
1044
1045
1046
1047
1048
1049
1050
1051
1052
1053
1054
1055
1056
1057
1058
1059
1060
1061
1062
1063
1064
1065
1066
1067
1068
1069
1070
1071
1072
1073
1074
1075
1076
1077
1078
1079
1080
1081
1082
1083
1084
1085
1086
1087
1088
1089
1090
1091
1092
1093
1094
1095
1096
1097
1098
1099
1100
1101
1102
1103
1104
1105
1106
1107
1108
1109
1110
1111
1112
1113
1114
1115
1116
1117
1118
1119
1120
1121
1122
1123
1124
1125
1126
1127
1128
1129
1130
1131
1132
1133
1134
1135
1136
1137
1138
1139
1140
1141
1142
1143
1144
1145
1146
1147
1148
1149
1150
1151
1152
1153
1154
1155
1156
1157
1158
1159
1160
1161
1162
1163
1164
1165
1166
1167
1168
1169
1170
1171
1172
1173
1174
1175
1176
1177
1178
1179
1192
1193
1194
1195
1196
1197
1198
1199
1200
1201
1202
1203
1204
1205
1206
1207
1208
1209
1210
1211
1212
1213
1214
1215
1216
1217
1218
1219
1220
1221
1222
1223
1224
1225
1226
1227
1228
1229
1230
1231
1232
1233
1234
1235
1236
1237
1238
1239
1240
1241
1242
1243
1244
1245
1246
1247
1248
1249
1250
1251
1252
1253
1254
1255
1256
1257
1258
1259
1260
1261
1262
1263
1264
1265
1266
1267
1268
1269
1270
1271
1272
1273
1274
1275
1276
1277
1278
1279
1280
1281
1282
1283
1284
1285
1286
1287
1288
1289
1290
1291
1292
1293
1294
1295
1296
1297
1298
1299
1300
1301
1302
1303
1304
1305
1306
1307
1308
1309
1310
1311
1312
1313
1314
1315
1316
1317
1318
1319
1320
1321
1322
1323
1324
1325
1326
1327
1328
1341
1342
1343
1344
1345
1346
1347
1348
1349
1350
1351
1352
1353
1354
1355
1356
1357
1358
1359
1360
1361
1362
1363
1364
1365
1366
1367
1368
1369
1370
1371
1372
1373
1374
1375
1376
1377
1378
1379
1380
1381
1382
1383
1384
1385
1386
1387
1388
1389
1390
1391
1392
1393
1394
1395
1396
1397
1398
1399
1400
1401
1402
1403
1404
1405
1406
1407
1408
1409
1410
1411
1412
1413
1414
1415
1416
1417
1418
1419
1420
1421
1422
1423
1424
1425
1426
1427
1428
1429
1430
1431
1432
1433
1434
1435
1436
1437
1438
1439
1440
1441
1442
1443
1444
1445
1446
1447
1448
1449
1450
1451
1452
1453
1454
1455
1456
1457
1458
1459
1460
1461
1462
1463
1464
1465
1466
1467
1468
1469
1470
1471
1472
1473
1474
1475
1476
1477
1490
1491
1492
1493
1494
1495
1496
1497
1498
1499
1500
1501
1502
1503
1504
1505
1506
1507
1508
1509
1510
1511
1512
1513
1514
1515
1516
1517
1518
1519
1520
1521
1522
1523
1524
1525
1526
1527
1528
1529
1530
1531
1532
1533
1534
1535
1536
1537
1538
1539
1540
1541
1542
1543
1544
1545
1546
1547
1548
1549
1550
1551
1552
1553
1554
1555
1556
1557
1558
1559
1560
1561
1562
1563
1564
1565
1566
1567
1568
1569
1570
1571
1572
1573
1574
1575
1576
1577
1578
1579
1580
1581
1582
1583
1584
1585
1586
1587
1588
1589
1590
1591
1592
1593
1594
1595
1596
1597
1598
1599
1600
1601
1602
1603
1604
1605
1606
1607
1608
1609
1610
1611
1612
1613
1614
1615
1616
1617
1618
1619
1620
1621
1622
1623
1624
1625
1626
1639
1640
1641
1642
1643
1644
1645
1646
1647
1648
1649
1650
1651
1652
1653
1654
1655
1656
1657
1658
1659
1660
1661
1662
1663
1664
1665
1666
1667
1668
1669
1670
1671
1672
1673
1674
1675
1676
1677
1678
1679
1680
1681
1682
1683
1684
1685
1686
1687
1688
1689
1690
1691
1692
1693
1694
1695
1696
1697
1698
1699
1700
1701
1702
1703
1704
1705
1706
1707
1708
1709
1710
1711
1712
1713
1714
1715
1716
1717
1718
1719
1720
1721
1722
1723
1724
1725
1726
1727
1728
1729
1730
1731
1732
1733
1734
1735
1736
1737
1738
1739
1740
1741
1742
1743
1744
1745
1746
1747
1748
1749
1750
1751
1752
1753
1754
1755
1756
1757
1758
1759
1760
1761
1762
1763
1764
1765
1766
1767
1768
1769
1770
1771
1772
1773
1774
1775
1788
1789
1790
1791
1792
1793
1794
1795
1796
1797
1798
1799
1800
1801
1802
1803
1804
1805
1806
1807
1808
1809
1810
1811
1812
1813
1814
1815
1816
1817
1818
1819
1820
1821
1822
1823
1824
1825
1826
1827
1828
1829
1830
1831
1832
1833
1834
1835
1836
1837
1838
1839
1840
1841
1842
1843
1844
1845
1846
1847
1848
1849
1850
1851
1852
1853
1854
1855
1856
1857
1858
1859
1860
1861
1862
1863
1864
1865
1866
1867
1868
1869
1870
1871
1872
1873
1874
1875
1876
1877
1878
1879
1880
1881
1882
1883
1884
1885
1886
1887
1888
1889
1890
1891
1892
1893
1894
1895
1896
1897
1898
1899
1900
1901
1902
1903
1904
1905
1906
1907
1908
1909
1910
1911
1912
1913
1914
1915
1916
1917
1918
1919
1920
1921
1922
1923
1924
)
;
}

movilVertical
{
    type cellZone;
cellLabels      List<label> 
1056
(
2074
2075
2076
2077
2078
2079
2080
2081
2082
2083
2084
2085
2223
2224
2225
2226
2227
2228
2229
2230
2231
2232
2233
2234
2372
2373
2374
2375
2376
2377
2378
2379
2380
2381
2382
2383
2521
2522
2523
2524
2525
2526
2527
2528
2529
2530
2531
2532
2670
2671
2672
2673
2674
2675
2676
2677
2678
2679
2680
2681
2819
2820
2821
2822
2823
2824
2825
2826
2827
2828
2829
2830
2968
2969
2970
2971
2972
2973
2974
2975
2976
2977
2978
2979
3117
3118
3119
3120
3121
3122
3123
3124
3125
3126
3127
3128
3266
3267
3268
3269
3270
3271
3272
3273
3274
3275
3276
3277
3415
3416
3417
3418
3419
3420
3421
3422
3423
3424
3425
3426
3564
3565
3566
3567
3568
3569
3570
3571
3572
3573
3574
3575
3713
3714
3715
3716
3717
3718
3719
3720
3721
3722
3723
3724
3862
3863
3864
3865
3866
3867
3868
3869
3870
3871
3872
3873
4011
4012
4013
4014
4015
4016
4017
4018
4019
4020
4021
4022
4160
4161
4162
4163
4164
4165
4166
4167
4168
4169
4170
4171
4309
4310
4311
4312
4313
4314
4315
4316
4317
4318
4319
4320
4458
4459
4460
4461
4462
4463
4464
4465
4466
4467
4468
4469
4607
4608
4609
4610
4611
4612
4613
4614
4615
4616
4617
4618
4756
4757
4758
4759
4760
4761
4762
4763
4764
4765
4766
4767
4905
4906
4907
4908
4909
4910
4911
4912
4913
4914
4915
4916
5054
5055
5056
5057
5058
5059
5060
5061
5062
5063
5064
5065
5203
5204
5205
5206
5207
5208
5209
5210
5211
5212
5213
5214
5352
5353
5354
5355
5356
5357
5358
5359
5360
5361
5362
5363
5501
5502
5503
5504
5505
5506
5507
5508
5509
5510
5511
5512
5650
5651
5652
5653
5654
5655
5656
5657
5658
5659
5660
5661
5799
5800
5801
5802
5803
5804
5805
5806
5807
5808
5809
5810
5948
5949
5950
5951
5952
5953
5954
5955
5956
5957
5958
5959
6097
6098
6099
6100
6101
6102
6103
6104
6105
6106
6107
6108
6246
6247
6248
6249
6250
6251
6252
6253
6254
6255
6256
6257
6395
6396
6397
6398
6399
6400
6401
6402
6403
6404
6405
6406
6544
6545
6546
6547
6548
6549
6550
6551
6552
6553
6554
6555
6693
6694
6695
6696
6697
6698
6699
6700
6701
6702
6703
6704
6842
6843
6844
6845
6846
6847
6848
6849
6850
6851
6852
6853
6991
6992
6993
6994
6995
6996
6997
6998
6999
7000
7001
7002
7140
7141
7142
7143
7144
7145
7146
7147
7148
7149
7150
7151
7289
7290
7291
7292
7293
7294
7295
7296
7297
7298
7299
7300
7438
7439
7440
7441
7442
7443
7444
7445
7446
7447
7448
7449
7587
7588
7589
7590
7591
7592
7593
7594
7595
7596
7597
7598
7736
7737
7738
7739
7740
7741
7742
7743
7744
7745
7746
7747
7885
7886
7887
7888
7889
7890
7891
7892
7893
7894
7895
7896
8034
8035
8036
8037
8038
8039
8040
8041
8042
8043
8044
8045
8183
8184
8185
8186
8187
8188
8189
8190
8191
8192
8193
8194
8332
8333
8334
8335
8336
8337
8338
8339
8340
8341
8342
8343
8481
8482
8483
8484
8485
8486
8487
8488
8489
8490
8491
8492
8630
8631
8632
8633
8634
8635
8636
8637
8638
8639
8640
8641
8779
8780
8781
8782
8783
8784
8785
8786
8787
8788
8789
8790
8928
8929
8930
8931
8932
8933
8934
8935
8936
8937
8938
8939
9077
9078
9079
9080
9081
9082
9083
9084
9085
9086
9087
9088
9226
9227
9228
9229
9230
9231
9232
9233
9234
9235
9236
9237
9375
9376
9377
9378
9379
9380
9381
9382
9383
9384
9385
9386
9524
9525
9526
9527
9528
9529
9530
9531
9532
9533
9534
9535
9673
9674
9675
9676
9677
9678
9679
9680
9681
9682
9683
9684
9822
9823
9824
9825
9826
9827
9828
9829
9830
9831
9832
9833
9971
9972
9973
9974
9975
9976
9977
9978
9979
9980
9981
9982
10120
10121
10122
10123
10124
10125
10126
10127
10128
10129
10130
10131
10269
10270
10271
10272
10273
10274
10275
10276
10277
10278
10279
10280
10418
10419
10420
10421
10422
10423
10424
10425
10426
10427
10428
10429
10567
10568
10569
10570
10571
10572
10573
10574
10575
10576
10577
10578
10716
10717
10718
10719
10720
10721
10722
10723
10724
10725
10726
10727
10865
10866
10867
10868
10869
10870
10871
10872
10873
10874
10875
10876
11014
11015
11016
11017
11018
11019
11020
11021
11022
11023
11024
11025
11163
11164
11165
11166
11167
11168
11169
11170
11171
11172
11173
11174
11312
11313
11314
11315
11316
11317
11318
11319
11320
11321
11322
11323
11461
11462
11463
11464
11465
11466
11467
11468
11469
11470
11471
11472
11610
11611
11612
11613
11614
11615
11616
11617
11618
11619
11620
11621
11759
11760
11761
11762
11763
11764
11765
11766
11767
11768
11769
11770
11908
11909
11910
11911
11912
11913
11914
11915
11916
11917
11918
11919
12057
12058
12059
12060
12061
12062
12063
12064
12065
12066
12067
12068
12206
12207
12208
12209
12210
12211
12212
12213
12214
12215
12216
12217
12355
12356
12357
12358
12359
12360
12361
12362
12363
12364
12365
12366
12504
12505
12506
12507
12508
12509
12510
12511
12512
12513
12514
12515
12653
12654
12655
12656
12657
12658
12659
12660
12661
12662
12663
12664
12802
12803
12804
12805
12806
12807
12808
12809
12810
12811
12812
12813
12951
12952
12953
12954
12955
12956
12957
12958
12959
12960
12961
12962
13100
13101
13102
13103
13104
13105
13106
13107
13108
13109
13110
13111
13249
13250
13251
13252
13253
13254
13255
13256
13257
13258
13259
13260
13398
13399
13400
13401
13402
13403
13404
13405
13406
13407
13408
13409
13547
13548
13549
13550
13551
13552
13553
13554
13555
13556
13557
13558
13696
13697
13698
13699
13700
13701
13702
13703
13704
13705
13706
13707
13845
13846
13847
13848
13849
13850
13851
13852
13853
13854
13855
13856
13994
13995
13996
13997
13998
13999
14000
14001
14002
14003
14004
14005
14143
14144
14145
14146
14147
14148
14149
14150
14151
14152
14153
14154
14292
14293
14294
14295
14296
14297
14298
14299
14300
14301
14302
14303
14441
14442
14443
14444
14445
14446
14447
14448
14449
14450
14451
14452
14590
14591
14592
14593
14594
14595
14596
14597
14598
14599
14600
14601
14739
14740
14741
14742
14743
14744
14745
14746
14747
14748
14749
14750
14888
14889
14890
14891
14892
14893
14894
14895
14896
14897
14898
14899
15037
15038
15039
15040
15041
15042
15043
15044
15045
15046
15047
15048
)
;
}

cubo
{
    type cellZone;
cellLabels      List<label> 
156
(
137
138
139
140
141
142
143
144
145
146
147
148
286
287
288
289
290
291
292
293
294
295
296
297
435
436
437
438
439
440
441
442
443
444
445
446
584
585
586
587
588
589
590
591
592
593
594
595
733
734
735
736
737
738
739
740
741
742
743
744
882
883
884
885
886
887
888
889
890
891
892
893
1031
1032
1033
1034
1035
1036
1037
1038
1039
1040
1041
1042
1180
1181
1182
1183
1184
1185
1186
1187
1188
1189
1190
1191
1329
1330
1331
1332
1333
1334
1335
1336
1337
1338
1339
1340
1478
1479
1480
1481
1482
1483
1484
1485
1486
1487
1488
1489
1627
1628
1629
1630
1631
1632
1633
1634
1635
1636
1637
1638
1776
1777
1778
1779
1780
1781
1782
1783
1784
1785
1786
1787
1925
1926
1927
1928
1929
1930
1931
1932
1933
1934
1935
1936
)
;
}
)

// ************************************************************************* //
