/*--------------------------------*- C++ -*----------------------------------*\
| =========                 |                                                 |
| \\      /  F ield         | OpenFOAM: The Open Source CFD Toolbox           |
|  \\    /   O peration     | Version:  2.3.0                                 |
|   \\  /    A nd           | Web:      www.OpenFOAM.org                      |
|    \\/     M anipulation  |                                                 |
\*---------------------------------------------------------------------------*/
FoamFile
{
    version     2.0;
    format      ascii;
    class       regIOobject;
    location    "constant/polyMesh";
    object      pointZones;
}
// * * * * * * * * * * * * * * * * * * * * * * * * * * * * * * * * * * * * * //

1
(
cuboPuntos
{
    type pointZone;
pointLabels     List<label> 
364
(
137
138
139
140
141
142
143
144
145
146
147
148
149
287
288
289
290
291
292
293
294
295
296
297
298
299
437
438
439
440
441
442
443
444
445
446
447
448
449
587
588
589
590
591
592
593
594
595
596
597
598
599
737
738
739
740
741
742
743
744
745
746
747
748
749
887
888
889
890
891
892
893
894
895
896
897
898
899
1037
1038
1039
1040
1041
1042
1043
1044
1045
1046
1047
1048
1049
1187
1188
1189
1190
1191
1192
1193
1194
1195
1196
1197
1198
1199
1337
1338
1339
1340
1341
1342
1343
1344
1345
1346
1347
1348
1349
1487
1488
1489
1490
1491
1492
1493
1494
1495
1496
1497
1498
1499
1637
1638
1639
1640
1641
1642
1643
1644
1645
1646
1647
1648
1649
1787
1788
1789
1790
1791
1792
1793
1794
1795
1796
1797
1798
1799
1937
1938
1939
1940
1941
1942
1943
1944
1945
1946
1947
1948
1949
2087
2088
2089
2090
2091
2092
2093
2094
2095
2096
2097
2098
2099
15437
15438
15439
15440
15441
15442
15443
15444
15445
15446
15447
15448
15449
15587
15588
15589
15590
15591
15592
15593
15594
15595
15596
15597
15598
15599
15737
15738
15739
15740
15741
15742
15743
15744
15745
15746
15747
15748
15749
15887
15888
15889
15890
15891
15892
15893
15894
15895
15896
15897
15898
15899
16037
16038
16039
16040
16041
16042
16043
16044
16045
16046
16047
16048
16049
16187
16188
16189
16190
16191
16192
16193
16194
16195
16196
16197
16198
16199
16337
16338
16339
16340
16341
16342
16343
16344
16345
16346
16347
16348
16349
16487
16488
16489
16490
16491
16492
16493
16494
16495
16496
16497
16498
16499
16637
16638
16639
16640
16641
16642
16643
16644
16645
16646
16647
16648
16649
16787
16788
16789
16790
16791
16792
16793
16794
16795
16796
16797
16798
16799
16937
16938
16939
16940
16941
16942
16943
16944
16945
16946
16947
16948
16949
17087
17088
17089
17090
17091
17092
17093
17094
17095
17096
17097
17098
17099
17237
17238
17239
17240
17241
17242
17243
17244
17245
17246
17247
17248
17249
17387
17388
17389
17390
17391
17392
17393
17394
17395
17396
17397
17398
17399
)
;
}
)

// ************************************************************************* //
