/*--------------------------------*- C++ -*----------------------------------*\
| =========                 |                                                 |
| \\      /  F ield         | OpenFOAM: The Open Source CFD Toolbox           |
|  \\    /   O peration     | Version:  2.3.0                                 |
|   \\  /    A nd           | Web:      www.OpenFOAM.org                      |
|    \\/     M anipulation  |                                                 |
\*---------------------------------------------------------------------------*/
FoamFile
{
    version     2.0;
    format      ascii;
    class       cellSet;
    location    "constant/polyMesh/sets";
    object      region1;
}
// * * * * * * * * * * * * * * * * * * * * * * * * * * * * * * * * * * * * * //


2500
(
8192 
4096 
8193 
4097 
8194 
4098 
8195 
4099 
8196 
8197 
8198 
8199 
75 
76 
77 
78 
79 
4175 
80 
4176 
81 
4177 
82 
4178 
8275 
83 
4179 
8276 
84 
4180 
8277 
85 
4181 
8278 
86 
4182 
8279 
87 
4183 
8280 
88 
4184 
8281 
89 
4185 
8282 
90 
4186 
8283 
91 
4187 
8284 
92 
4188 
8285 
93 
4189 
8286 
94 
4190 
8287 
95 
4191 
8288 
96 
4192 
8289 
97 
4193 
8290 
98 
4194 
8291 
99 
4195 
8292 
4196 
8293 
4197 
8294 
4198 
8295 
4199 
8296 
8297 
8298 
8299 
175 
176 
177 
178 
179 
4275 
180 
4276 
181 
4277 
182 
4278 
8375 
183 
4279 
8376 
184 
4280 
8377 
185 
4281 
8378 
186 
4282 
8379 
187 
4283 
8380 
188 
4284 
8381 
189 
4285 
8382 
190 
4286 
8383 
191 
4287 
8384 
192 
4288 
8385 
193 
4289 
8386 
194 
4290 
8387 
195 
4291 
8388 
196 
4292 
8389 
197 
4293 
8390 
198 
4294 
8391 
199 
4295 
8392 
4296 
8393 
4297 
8394 
4298 
8395 
4299 
8396 
8397 
8398 
8399 
275 
276 
277 
278 
279 
4375 
280 
4376 
281 
4377 
282 
4378 
8475 
283 
4379 
8476 
284 
4380 
8477 
285 
4381 
8478 
286 
4382 
8479 
287 
4383 
8480 
288 
4384 
8481 
289 
4385 
8482 
290 
4386 
8483 
291 
4387 
8484 
292 
4388 
8485 
293 
4389 
8486 
294 
4390 
8487 
295 
4391 
8488 
296 
4392 
8489 
297 
4393 
8490 
298 
4394 
8491 
299 
4395 
8492 
4396 
8493 
4397 
8494 
4398 
8495 
4399 
8496 
8497 
8498 
8499 
375 
376 
377 
378 
379 
4475 
380 
4476 
381 
4477 
382 
4478 
8575 
383 
4479 
8576 
384 
4480 
8577 
385 
4481 
8578 
386 
4482 
8579 
387 
4483 
8580 
388 
4484 
8581 
389 
4485 
8582 
390 
4486 
8583 
391 
4487 
8584 
392 
4488 
8585 
393 
4489 
8586 
394 
4490 
8587 
395 
4491 
8588 
396 
4492 
8589 
397 
4493 
8590 
398 
4494 
8591 
399 
4495 
8592 
4496 
8593 
4497 
8594 
4498 
8595 
4499 
8596 
8597 
8598 
8599 
475 
476 
477 
478 
479 
4575 
480 
4576 
481 
4577 
482 
4578 
8675 
483 
4579 
8676 
484 
4580 
8677 
485 
4581 
8678 
486 
4582 
8679 
487 
4583 
8680 
488 
4584 
8681 
489 
4585 
8682 
490 
4586 
8683 
491 
4587 
8684 
492 
4588 
8685 
493 
4589 
8686 
494 
4590 
8687 
495 
4591 
8688 
496 
4592 
8689 
497 
4593 
8690 
498 
4594 
8691 
499 
4595 
8692 
4596 
8693 
4597 
8694 
4598 
8695 
4599 
8696 
8697 
8698 
8699 
575 
576 
577 
578 
579 
4675 
580 
4676 
581 
4677 
582 
4678 
8775 
583 
4679 
8776 
584 
4680 
8777 
585 
4681 
8778 
586 
4682 
8779 
587 
4683 
8780 
588 
4684 
8781 
589 
4685 
8782 
590 
4686 
8783 
591 
4687 
8784 
592 
4688 
8785 
593 
4689 
8786 
594 
4690 
8787 
595 
4691 
8788 
596 
4692 
8789 
597 
4693 
8790 
598 
4694 
8791 
599 
4695 
8792 
4696 
8793 
4697 
8794 
4698 
8795 
4699 
8796 
8797 
8798 
8799 
675 
676 
677 
678 
679 
4775 
680 
4776 
681 
4777 
682 
4778 
8875 
683 
4779 
8876 
684 
4780 
8877 
685 
4781 
8878 
686 
4782 
8879 
687 
4783 
8880 
688 
4784 
8881 
689 
4785 
8882 
690 
4786 
8883 
691 
4787 
8884 
692 
4788 
8885 
693 
4789 
8886 
694 
4790 
8887 
695 
4791 
8888 
696 
4792 
8889 
697 
4793 
8890 
698 
4794 
8891 
699 
4795 
8892 
4796 
8893 
4797 
8894 
4798 
8895 
4799 
8896 
8897 
8898 
8899 
775 
776 
777 
778 
779 
4875 
780 
4876 
781 
4877 
782 
4878 
8975 
783 
4879 
8976 
784 
4880 
8977 
785 
4881 
8978 
786 
4882 
8979 
787 
4883 
8980 
788 
4884 
8981 
789 
4885 
8982 
790 
4886 
8983 
791 
4887 
8984 
792 
4888 
8985 
793 
4889 
8986 
794 
4890 
8987 
795 
4891 
8988 
796 
4892 
8989 
797 
4893 
8990 
798 
4894 
8991 
799 
4895 
8992 
4896 
8993 
4897 
8994 
4898 
8995 
4899 
8996 
8997 
8998 
8999 
875 
876 
877 
878 
879 
4975 
880 
4976 
881 
4977 
882 
4978 
9075 
883 
4979 
9076 
884 
4980 
9077 
885 
4981 
9078 
886 
4982 
9079 
887 
4983 
9080 
888 
4984 
9081 
889 
4985 
9082 
890 
4986 
9083 
891 
4987 
9084 
892 
4988 
9085 
893 
4989 
9086 
894 
4990 
9087 
895 
4991 
9088 
896 
4992 
9089 
897 
4993 
9090 
898 
4994 
9091 
899 
4995 
9092 
4996 
9093 
4997 
9094 
4998 
9095 
4999 
9096 
9097 
9098 
9099 
975 
976 
977 
978 
979 
5075 
980 
5076 
981 
5077 
982 
5078 
9175 
983 
5079 
9176 
984 
5080 
9177 
985 
5081 
9178 
986 
5082 
9179 
987 
5083 
9180 
988 
5084 
9181 
989 
5085 
9182 
990 
5086 
9183 
991 
5087 
9184 
992 
5088 
9185 
993 
5089 
9186 
994 
5090 
9187 
995 
5091 
9188 
996 
5092 
9189 
997 
5093 
9190 
998 
5094 
9191 
999 
5095 
9192 
5096 
9193 
5097 
9194 
5098 
9195 
5099 
9196 
9197 
9198 
9199 
1075 
1076 
1077 
1078 
1079 
5175 
1080 
5176 
1081 
5177 
1082 
5178 
9275 
1083 
5179 
9276 
1084 
5180 
9277 
1085 
5181 
9278 
1086 
5182 
9279 
1087 
5183 
9280 
1088 
5184 
9281 
1089 
5185 
9282 
1090 
5186 
9283 
1091 
5187 
9284 
1092 
5188 
9285 
1093 
5189 
9286 
1094 
5190 
9287 
1095 
5191 
9288 
1096 
5192 
9289 
1097 
5193 
9290 
1098 
5194 
9291 
1099 
5195 
9292 
5196 
9293 
5197 
9294 
5198 
9295 
5199 
9296 
9297 
9298 
9299 
1175 
1176 
1177 
1178 
1179 
5275 
1180 
5276 
1181 
5277 
1182 
5278 
9375 
1183 
5279 
9376 
1184 
5280 
9377 
1185 
5281 
9378 
1186 
5282 
9379 
1187 
5283 
9380 
1188 
5284 
9381 
1189 
5285 
9382 
1190 
5286 
9383 
1191 
5287 
9384 
1192 
5288 
9385 
1193 
5289 
9386 
1194 
5290 
9387 
1195 
5291 
9388 
1196 
5292 
9389 
1197 
5293 
9390 
1198 
5294 
9391 
1199 
5295 
9392 
5296 
9393 
5297 
9394 
5298 
9395 
5299 
9396 
9397 
9398 
9399 
1275 
1276 
1277 
1278 
1279 
5375 
1280 
5376 
1281 
5377 
1282 
5378 
9475 
1283 
5379 
9476 
1284 
5380 
9477 
1285 
5381 
9478 
1286 
5382 
9479 
1287 
5383 
9480 
1288 
5384 
9481 
1289 
5385 
9482 
1290 
5386 
9483 
1291 
5387 
9484 
1292 
5388 
9485 
1293 
5389 
9486 
1294 
5390 
9487 
1295 
5391 
9488 
1296 
5392 
9489 
1297 
5393 
9490 
1298 
5394 
9491 
1299 
5395 
9492 
5396 
9493 
5397 
9494 
5398 
9495 
5399 
9496 
9497 
9498 
9499 
1375 
1376 
1377 
1378 
1379 
5475 
1380 
5476 
1381 
5477 
1382 
5478 
9575 
1383 
5479 
9576 
1384 
5480 
9577 
1385 
5481 
9578 
1386 
5482 
9579 
1387 
5483 
9580 
1388 
5484 
9581 
1389 
5485 
9582 
1390 
5486 
9583 
1391 
5487 
9584 
1392 
5488 
9585 
1393 
5489 
9586 
1394 
5490 
9587 
1395 
5491 
9588 
1396 
5492 
9589 
1397 
5493 
9590 
1398 
5494 
9591 
1399 
5495 
9592 
5496 
9593 
5497 
9594 
5498 
9595 
5499 
9596 
9597 
9598 
9599 
1475 
1476 
1477 
1478 
1479 
5575 
1480 
5576 
1481 
5577 
1482 
5578 
9675 
1483 
5579 
9676 
1484 
5580 
9677 
1485 
5581 
9678 
1486 
5582 
9679 
1487 
5583 
9680 
1488 
5584 
9681 
1489 
5585 
9682 
1490 
5586 
9683 
1491 
5587 
9684 
1492 
5588 
9685 
1493 
5589 
9686 
1494 
5590 
9687 
1495 
5591 
9688 
1496 
5592 
9689 
1497 
5593 
9690 
1498 
5594 
9691 
1499 
5595 
9692 
5596 
9693 
5597 
9694 
5598 
9695 
5599 
9696 
9697 
9698 
9699 
1575 
1576 
1577 
1578 
1579 
5675 
1580 
5676 
1581 
5677 
1582 
5678 
9775 
1583 
5679 
9776 
1584 
5680 
9777 
1585 
5681 
9778 
1586 
5682 
9779 
1587 
5683 
9780 
1588 
5684 
9781 
1589 
5685 
9782 
1590 
5686 
9783 
1591 
5687 
9784 
1592 
5688 
9785 
1593 
5689 
9786 
1594 
5690 
9787 
1595 
5691 
9788 
1596 
5692 
9789 
1597 
5693 
9790 
1598 
5694 
9791 
1599 
5695 
9792 
5696 
9793 
5697 
9794 
5698 
9795 
5699 
9796 
9797 
9798 
9799 
1675 
1676 
1677 
1678 
1679 
5775 
1680 
5776 
1681 
5777 
1682 
5778 
9875 
1683 
5779 
9876 
1684 
5780 
9877 
1685 
5781 
9878 
1686 
5782 
9879 
1687 
5783 
9880 
1688 
5784 
9881 
1689 
5785 
9882 
1690 
5786 
9883 
1691 
5787 
9884 
1692 
5788 
9885 
1693 
5789 
9886 
1694 
5790 
9887 
1695 
5791 
9888 
1696 
5792 
9889 
1697 
5793 
9890 
1698 
5794 
9891 
1699 
5795 
9892 
5796 
9893 
5797 
9894 
5798 
9895 
5799 
9896 
9897 
9898 
9899 
1775 
1776 
1777 
1778 
1779 
5875 
1780 
5876 
1781 
5877 
1782 
5878 
9975 
1783 
5879 
9976 
1784 
5880 
9977 
1785 
5881 
9978 
1786 
5882 
9979 
1787 
5883 
9980 
1788 
5884 
9981 
1789 
5885 
9982 
1790 
5886 
9983 
1791 
5887 
9984 
1792 
5888 
9985 
1793 
5889 
9986 
1794 
5890 
9987 
1795 
5891 
9988 
1796 
5892 
9989 
1797 
5893 
9990 
1798 
5894 
9991 
1799 
5895 
9992 
5896 
9993 
5897 
9994 
5898 
9995 
5899 
9996 
9997 
9998 
9999 
1875 
1876 
1877 
1878 
1879 
5975 
1880 
5976 
1881 
5977 
1882 
5978 
1883 
5979 
1884 
5980 
1885 
5981 
1886 
5982 
1887 
5983 
1888 
5984 
1889 
5985 
1890 
5986 
1891 
5987 
1892 
5988 
1893 
5989 
1894 
5990 
1895 
5991 
1896 
5992 
1897 
5993 
1898 
5994 
1899 
5995 
5996 
5997 
5998 
5999 
1975 
1976 
1977 
1978 
1979 
6075 
1980 
6076 
1981 
6077 
1982 
6078 
1983 
6079 
1984 
6080 
1985 
6081 
1986 
6082 
1987 
6083 
1988 
6084 
1989 
6085 
1990 
6086 
1991 
6087 
1992 
6088 
1993 
6089 
1994 
6090 
1995 
6091 
1996 
6092 
1997 
6093 
1998 
6094 
1999 
6095 
6096 
6097 
6098 
6099 
2075 
2076 
2077 
2078 
2079 
6175 
2080 
6176 
2081 
6177 
2082 
6178 
2083 
6179 
2084 
6180 
2085 
6181 
2086 
6182 
2087 
6183 
2088 
6184 
2089 
6185 
2090 
6186 
2091 
6187 
2092 
6188 
2093 
6189 
2094 
6190 
2095 
6191 
2096 
6192 
2097 
6193 
2098 
6194 
2099 
6195 
6196 
6197 
6198 
6199 
2175 
2176 
2177 
2178 
2179 
6275 
2180 
6276 
2181 
6277 
2182 
6278 
2183 
6279 
2184 
6280 
2185 
6281 
2186 
6282 
2187 
6283 
2188 
6284 
2189 
6285 
2190 
6286 
2191 
6287 
2192 
6288 
2193 
6289 
2194 
6290 
2195 
6291 
2196 
6292 
2197 
6293 
2198 
6294 
2199 
6295 
6296 
6297 
6298 
6299 
2275 
2276 
2277 
2278 
2279 
6375 
2280 
6376 
2281 
6377 
2282 
6378 
2283 
6379 
2284 
6380 
2285 
6381 
2286 
6382 
2287 
6383 
2288 
6384 
2289 
6385 
2290 
6386 
2291 
6387 
2292 
6388 
2293 
6389 
2294 
6390 
2295 
6391 
2296 
6392 
2297 
6393 
2298 
6394 
2299 
6395 
6396 
6397 
6398 
6399 
2375 
2376 
2377 
2378 
2379 
6475 
2380 
6476 
2381 
6477 
2382 
6478 
2383 
6479 
2384 
6480 
2385 
6481 
2386 
6482 
2387 
6483 
2388 
6484 
2389 
6485 
2390 
6486 
2391 
6487 
2392 
6488 
2393 
6489 
2394 
6490 
2395 
6491 
2396 
6492 
2397 
6493 
2398 
6494 
2399 
6495 
6496 
6497 
6498 
6499 
2475 
2476 
2477 
2478 
2479 
6575 
2480 
6576 
2481 
6577 
2482 
6578 
2483 
6579 
2484 
6580 
2485 
6581 
2486 
6582 
2487 
6583 
2488 
6584 
2489 
6585 
2490 
6586 
2491 
6587 
2492 
6588 
6589 
2493 
6590 
2494 
6591 
2495 
6592 
2496 
6593 
2497 
6594 
2498 
6595 
2499 
6596 
6597 
6598 
6599 
2575 
2576 
2577 
2578 
6675 
2579 
6676 
2580 
6677 
2581 
6678 
2582 
6679 
2583 
6680 
2584 
6681 
2585 
6682 
2586 
6683 
2587 
6684 
2588 
6685 
2589 
6686 
2590 
6687 
2591 
6688 
2592 
6689 
2593 
6690 
2594 
6691 
2595 
6692 
2596 
6693 
2597 
6694 
2598 
6695 
2599 
6696 
6697 
6698 
6699 
2675 
2676 
2677 
2678 
6775 
2679 
6776 
2680 
6777 
2681 
6778 
2682 
6779 
2683 
6780 
2684 
6781 
2685 
6782 
2686 
6783 
2687 
6784 
2688 
6785 
2689 
6786 
2690 
6787 
2691 
6788 
2692 
6789 
2693 
6790 
2694 
6791 
2695 
6792 
2696 
6793 
2697 
6794 
2698 
6795 
2699 
6796 
6797 
6798 
6799 
2775 
2776 
2777 
2778 
6875 
2779 
6876 
2780 
6877 
2781 
6878 
2782 
6879 
2783 
6880 
2784 
6881 
2785 
6882 
2786 
6883 
2787 
6884 
2788 
6885 
2789 
6886 
2790 
6887 
2791 
6888 
2792 
6889 
2793 
6890 
2794 
6891 
2795 
6892 
2796 
6893 
2797 
6894 
2798 
6895 
2799 
6896 
6897 
6898 
6899 
2875 
2876 
2877 
2878 
6975 
2879 
6976 
2880 
6977 
2881 
6978 
2882 
6979 
2883 
6980 
2884 
6981 
2885 
6982 
2886 
6983 
2887 
6984 
2888 
6985 
2889 
6986 
2890 
6987 
2891 
6988 
2892 
6989 
2893 
6990 
2894 
6991 
2895 
6992 
2896 
6993 
2897 
6994 
2898 
6995 
2899 
6996 
6997 
6998 
6999 
2975 
2976 
2977 
2978 
7075 
2979 
7076 
2980 
7077 
2981 
7078 
2982 
7079 
2983 
7080 
2984 
7081 
2985 
7082 
2986 
7083 
2987 
7084 
2988 
7085 
2989 
7086 
2990 
7087 
2991 
7088 
2992 
7089 
2993 
7090 
2994 
7091 
2995 
7092 
2996 
7093 
2997 
7094 
2998 
7095 
2999 
7096 
7097 
7098 
7099 
3075 
3076 
3077 
3078 
7175 
3079 
7176 
3080 
7177 
3081 
7178 
3082 
7179 
3083 
7180 
3084 
7181 
3085 
7182 
3086 
7183 
3087 
7184 
3088 
7185 
3089 
7186 
3090 
7187 
3091 
7188 
3092 
7189 
3093 
7190 
3094 
7191 
3095 
7192 
3096 
7193 
3097 
7194 
3098 
7195 
3099 
7196 
7197 
7198 
7199 
3175 
3176 
3177 
3178 
7275 
3179 
7276 
3180 
7277 
3181 
7278 
3182 
7279 
3183 
7280 
3184 
7281 
3185 
7282 
3186 
7283 
3187 
7284 
3188 
7285 
3189 
7286 
3190 
7287 
3191 
7288 
3192 
7289 
3193 
7290 
3194 
7291 
3195 
7292 
3196 
7293 
3197 
7294 
3198 
7295 
3199 
7296 
7297 
7298 
7299 
3275 
3276 
3277 
3278 
7375 
3279 
7376 
3280 
7377 
3281 
7378 
3282 
7379 
3283 
7380 
3284 
7381 
3285 
7382 
3286 
7383 
3287 
7384 
3288 
7385 
3289 
7386 
3290 
7387 
3291 
7388 
3292 
7389 
3293 
7390 
3294 
7391 
3295 
7392 
3296 
7393 
3297 
7394 
3298 
7395 
3299 
7396 
7397 
7398 
7399 
3375 
3376 
3377 
3378 
7475 
3379 
7476 
3380 
7477 
3381 
7478 
3382 
7479 
3383 
7480 
3384 
7481 
3385 
7482 
3386 
7483 
3387 
7484 
3388 
7485 
3389 
7486 
3390 
7487 
3391 
7488 
3392 
7489 
3393 
7490 
3394 
7491 
3395 
7492 
3396 
7493 
3397 
7494 
3398 
7495 
3399 
7496 
7497 
7498 
7499 
3475 
3476 
3477 
3478 
7575 
3479 
7576 
3480 
7577 
3481 
7578 
3482 
7579 
3483 
7580 
3484 
7581 
3485 
7582 
3486 
7583 
3487 
7584 
3488 
7585 
3489 
7586 
3490 
7587 
3491 
7588 
3492 
7589 
3493 
7590 
3494 
7591 
3495 
7592 
3496 
7593 
3497 
7594 
3498 
7595 
3499 
7596 
7597 
7598 
7599 
3575 
3576 
3577 
3578 
7675 
3579 
7676 
3580 
7677 
3581 
7678 
3582 
7679 
3583 
7680 
3584 
7681 
3585 
7682 
3586 
7683 
3587 
7684 
3588 
7685 
3589 
7686 
3590 
7687 
3591 
7688 
3592 
7689 
3593 
7690 
3594 
7691 
3595 
7692 
3596 
7693 
3597 
7694 
3598 
7695 
3599 
7696 
7697 
7698 
7699 
3675 
3676 
3677 
3678 
7775 
3679 
7776 
3680 
7777 
3681 
7778 
3682 
7779 
3683 
7780 
3684 
7781 
3685 
7782 
3686 
7783 
3687 
7784 
3688 
7785 
3689 
7786 
3690 
7787 
3691 
7788 
3692 
7789 
3693 
7790 
3694 
7791 
3695 
7792 
3696 
7793 
3697 
7794 
3698 
7795 
3699 
7796 
7797 
7798 
7799 
3775 
3776 
3777 
3778 
7875 
3779 
7876 
3780 
7877 
3781 
7878 
3782 
7879 
3783 
7880 
3784 
7881 
3785 
7882 
3786 
7883 
3787 
7884 
3788 
7885 
3789 
7886 
3790 
7887 
3791 
7888 
3792 
7889 
3793 
7890 
3794 
7891 
3795 
7892 
3796 
7893 
3797 
7894 
3798 
7895 
3799 
7896 
7897 
7898 
7899 
3875 
3876 
3877 
3878 
7975 
3879 
7976 
3880 
7977 
3881 
7978 
3882 
7979 
3883 
7980 
3884 
7981 
3885 
7982 
3886 
7983 
3887 
7984 
3888 
7985 
3889 
7986 
3890 
7987 
3891 
7988 
3892 
7989 
3893 
7990 
3894 
7991 
3895 
7992 
3896 
7993 
3897 
7994 
3898 
7995 
3899 
7996 
7997 
7998 
7999 
3975 
3976 
3977 
3978 
8075 
3979 
8076 
3980 
8077 
3981 
8078 
3982 
8079 
3983 
8080 
3984 
8081 
3985 
8082 
3986 
8083 
3987 
8084 
3988 
8085 
3989 
8086 
3990 
8087 
3991 
8088 
3992 
8089 
3993 
8090 
3994 
8091 
3995 
8092 
3996 
8093 
3997 
8094 
3998 
8095 
3999 
8096 
8097 
8098 
8099 
4075 
4076 
4077 
4078 
8175 
4079 
8176 
4080 
8177 
4081 
8178 
4082 
8179 
4083 
8180 
4084 
8181 
4085 
8182 
4086 
8183 
4087 
8184 
4088 
8185 
4089 
8186 
4090 
8187 
4091 
8188 
4092 
8189 
4093 
8190 
4094 
8191 
4095 
)

// ************************************************************************* //
