/*--------------------------------*- C++ -*----------------------------------*\
| =========                 |                                                 |
| \\      /  F ield         | OpenFOAM: The Open Source CFD Toolbox           |
|  \\    /   O peration     | Version:  2.3.0                                 |
|   \\  /    A nd           | Web:      www.OpenFOAM.org                      |
|    \\/     M anipulation  |                                                 |
\*---------------------------------------------------------------------------*/
FoamFile
{
    version     2.0;
    format      ascii;
    class       cellSet;
    location    "constant/polyMesh/sets";
    object      region1;
}
// * * * * * * * * * * * * * * * * * * * * * * * * * * * * * * * * * * * * * //


1250
(
4096 
4097 
4098 
4099 
2075 
2076 
2077 
2078 
2079 
2080 
2081 
2082 
2083 
2084 
2085 
2086 
2087 
2088 
2089 
2090 
2091 
2092 
2093 
2094 
2095 
2096 
2097 
2098 
2099 
75 
76 
77 
78 
4175 
79 
4176 
80 
4177 
81 
4178 
82 
4179 
83 
4180 
84 
4181 
85 
4182 
86 
4183 
87 
4184 
88 
4185 
89 
4186 
90 
4187 
91 
4188 
92 
4189 
93 
4190 
94 
4191 
95 
4192 
96 
4193 
97 
4194 
98 
4195 
99 
4196 
4197 
4198 
4199 
2175 
2176 
2177 
2178 
2179 
2180 
2181 
2182 
2183 
2184 
2185 
2186 
2187 
2188 
2189 
2190 
2191 
2192 
2193 
2194 
2195 
2196 
2197 
2198 
2199 
175 
176 
177 
178 
4275 
179 
4276 
180 
4277 
181 
4278 
182 
4279 
183 
4280 
184 
4281 
185 
4282 
186 
4283 
187 
4284 
188 
4285 
189 
4286 
190 
4287 
191 
4288 
192 
4289 
193 
4290 
194 
4291 
195 
4292 
196 
4293 
197 
4294 
198 
4295 
199 
4296 
4297 
4298 
4299 
2275 
2276 
2277 
2278 
2279 
2280 
2281 
2282 
2283 
2284 
2285 
2286 
2287 
2288 
2289 
2290 
2291 
2292 
2293 
2294 
2295 
2296 
2297 
2298 
2299 
275 
276 
277 
278 
4375 
279 
4376 
280 
4377 
281 
4378 
282 
4379 
283 
4380 
284 
4381 
285 
4382 
286 
4383 
287 
4384 
288 
4385 
289 
4386 
290 
4387 
291 
4388 
292 
4389 
293 
4390 
294 
4391 
295 
4392 
296 
4393 
297 
4394 
298 
4395 
299 
4396 
4397 
4398 
4399 
2375 
2376 
2377 
2378 
2379 
2380 
2381 
2382 
2383 
2384 
2385 
2386 
2387 
2388 
2389 
2390 
2391 
2392 
2393 
2394 
2395 
2396 
2397 
2398 
2399 
375 
376 
377 
378 
4475 
379 
4476 
380 
4477 
381 
4478 
382 
4479 
383 
4480 
384 
4481 
385 
4482 
386 
4483 
387 
4484 
388 
4485 
389 
4486 
390 
4487 
391 
4488 
392 
4489 
393 
4490 
394 
4491 
395 
4492 
396 
4493 
397 
4494 
398 
4495 
399 
4496 
4497 
4498 
4499 
2475 
2476 
2477 
2478 
2479 
2480 
2481 
2482 
2483 
2484 
2485 
2486 
2487 
2488 
2489 
2490 
2491 
2492 
2493 
2494 
2495 
2496 
2497 
2498 
2499 
475 
476 
477 
478 
4575 
479 
4576 
480 
4577 
481 
4578 
482 
4579 
483 
4580 
484 
4581 
485 
4582 
486 
4583 
487 
4584 
488 
4585 
489 
4586 
490 
4587 
491 
4588 
492 
4589 
493 
4590 
494 
4591 
495 
4592 
496 
4593 
497 
4594 
498 
4595 
499 
4596 
4597 
4598 
4599 
2575 
2576 
2577 
2578 
2579 
2580 
2581 
2582 
2583 
2584 
2585 
2586 
2587 
2588 
2589 
2590 
2591 
2592 
2593 
2594 
2595 
2596 
2597 
2598 
2599 
575 
576 
577 
578 
4675 
579 
4676 
580 
4677 
581 
4678 
582 
4679 
583 
4680 
584 
4681 
585 
4682 
586 
4683 
587 
4684 
588 
4685 
589 
4686 
590 
4687 
591 
4688 
592 
4689 
593 
4690 
594 
4691 
595 
4692 
596 
4693 
597 
4694 
598 
4695 
599 
4696 
4697 
4698 
4699 
2675 
2676 
2677 
2678 
2679 
2680 
2681 
2682 
2683 
2684 
2685 
2686 
2687 
2688 
2689 
2690 
2691 
2692 
2693 
2694 
2695 
2696 
2697 
2698 
2699 
675 
676 
677 
678 
4775 
679 
4776 
680 
4777 
681 
4778 
682 
4779 
683 
4780 
684 
4781 
685 
4782 
686 
4783 
687 
4784 
688 
4785 
689 
4786 
690 
4787 
691 
4788 
692 
4789 
693 
4790 
694 
4791 
695 
4792 
696 
4793 
697 
4794 
698 
4795 
699 
4796 
4797 
4798 
4799 
2775 
2776 
2777 
2778 
2779 
2780 
2781 
2782 
2783 
2784 
2785 
2786 
2787 
2788 
2789 
2790 
2791 
2792 
2793 
2794 
2795 
2796 
2797 
2798 
2799 
775 
776 
777 
778 
4875 
779 
4876 
780 
4877 
781 
4878 
782 
4879 
783 
4880 
784 
4881 
785 
4882 
786 
4883 
787 
4884 
788 
4885 
789 
4886 
790 
4887 
791 
4888 
792 
4889 
793 
4890 
794 
4891 
795 
4892 
796 
4893 
797 
4894 
798 
4895 
799 
4896 
4897 
4898 
4899 
2875 
2876 
2877 
2878 
2879 
2880 
2881 
2882 
2883 
2884 
2885 
2886 
2887 
2888 
2889 
2890 
2891 
2892 
2893 
2894 
2895 
2896 
2897 
2898 
2899 
875 
876 
877 
878 
4975 
879 
4976 
880 
4977 
881 
4978 
882 
4979 
883 
4980 
884 
4981 
885 
4982 
886 
4983 
887 
4984 
888 
4985 
889 
4986 
890 
4987 
891 
4988 
892 
4989 
893 
4990 
894 
4991 
895 
4992 
896 
4993 
897 
4994 
898 
4995 
899 
4996 
4997 
4998 
4999 
2975 
2976 
2977 
2978 
2979 
2980 
2981 
2982 
2983 
2984 
2985 
2986 
2987 
2988 
2989 
2990 
2991 
2992 
2993 
2994 
2995 
2996 
2997 
2998 
2999 
975 
976 
977 
978 
979 
980 
981 
982 
983 
984 
985 
986 
987 
988 
989 
990 
991 
992 
993 
994 
995 
996 
997 
998 
999 
3075 
3076 
3077 
3078 
3079 
3080 
3081 
3082 
3083 
3084 
3085 
3086 
3087 
3088 
3089 
3090 
3091 
3092 
3093 
3094 
3095 
3096 
3097 
3098 
3099 
1075 
1076 
1077 
1078 
1079 
1080 
1081 
1082 
1083 
1084 
1085 
1086 
1087 
1088 
1089 
1090 
1091 
1092 
1093 
1094 
1095 
1096 
1097 
1098 
1099 
3175 
3176 
3177 
3178 
3179 
3180 
3181 
3182 
3183 
3184 
3185 
3186 
3187 
3188 
3189 
3190 
3191 
3192 
3193 
3194 
3195 
3196 
3197 
3198 
3199 
1175 
1176 
1177 
1178 
1179 
1180 
1181 
1182 
1183 
1184 
1185 
1186 
1187 
1188 
1189 
1190 
1191 
1192 
1193 
1194 
1195 
1196 
1197 
1198 
1199 
3275 
3276 
3277 
3278 
3279 
3280 
3281 
3282 
3283 
3284 
3285 
3286 
3287 
3288 
3289 
3290 
3291 
3292 
3293 
3294 
3295 
3296 
3297 
3298 
3299 
1275 
1276 
1277 
1278 
1279 
1280 
1281 
1282 
1283 
1284 
1285 
1286 
1287 
1288 
1289 
1290 
1291 
1292 
1293 
1294 
1295 
1296 
1297 
1298 
1299 
3375 
3376 
3377 
3378 
3379 
3380 
3381 
3382 
3383 
3384 
3385 
3386 
3387 
3388 
3389 
3390 
3391 
3392 
3393 
3394 
3395 
3396 
3397 
3398 
3399 
1375 
1376 
1377 
1378 
1379 
1380 
1381 
1382 
1383 
1384 
1385 
1386 
1387 
1388 
1389 
1390 
1391 
1392 
1393 
1394 
1395 
1396 
1397 
1398 
1399 
3475 
3476 
3477 
3478 
3479 
3480 
3481 
3482 
3483 
3484 
3485 
3486 
3487 
3488 
3489 
3490 
3491 
3492 
3493 
3494 
3495 
3496 
3497 
3498 
3499 
1475 
1476 
1477 
1478 
1479 
1480 
1481 
1482 
1483 
1484 
1485 
1486 
1487 
1488 
1489 
1490 
1491 
1492 
1493 
1494 
1495 
1496 
1497 
1498 
1499 
3575 
3576 
3577 
3578 
3579 
3580 
3581 
3582 
3583 
3584 
3585 
3586 
3587 
3588 
3589 
3590 
3591 
3592 
3593 
3594 
3595 
3596 
3597 
3598 
3599 
1575 
1576 
1577 
1578 
1579 
1580 
1581 
1582 
1583 
1584 
1585 
1586 
1587 
1588 
1589 
1590 
1591 
1592 
1593 
1594 
1595 
1596 
1597 
1598 
1599 
3675 
3676 
3677 
3678 
3679 
3680 
3681 
3682 
3683 
3684 
3685 
3686 
3687 
3688 
3689 
3690 
3691 
3692 
3693 
3694 
3695 
3696 
3697 
3698 
3699 
1675 
1676 
1677 
1678 
1679 
1680 
1681 
1682 
1683 
1684 
1685 
1686 
1687 
1688 
1689 
1690 
1691 
1692 
1693 
1694 
1695 
1696 
1697 
1698 
1699 
3775 
3776 
3777 
3778 
3779 
3780 
3781 
3782 
3783 
3784 
3785 
3786 
3787 
3788 
3789 
3790 
3791 
3792 
3793 
3794 
3795 
3796 
3797 
3798 
3799 
1775 
1776 
1777 
1778 
1779 
1780 
1781 
1782 
1783 
1784 
1785 
1786 
1787 
1788 
1789 
1790 
1791 
1792 
1793 
1794 
1795 
1796 
1797 
1798 
1799 
3875 
3876 
3877 
3878 
3879 
3880 
3881 
3882 
3883 
3884 
3885 
3886 
3887 
3888 
3889 
3890 
3891 
3892 
3893 
3894 
3895 
3896 
3897 
3898 
3899 
1875 
1876 
1877 
1878 
1879 
1880 
1881 
1882 
1883 
1884 
1885 
1886 
1887 
1888 
1889 
1890 
1891 
1892 
1893 
1894 
1895 
1896 
1897 
1898 
1899 
3975 
3976 
3977 
3978 
3979 
3980 
3981 
3982 
3983 
3984 
3985 
3986 
3987 
3988 
3989 
3990 
3991 
3992 
3993 
3994 
3995 
3996 
3997 
3998 
3999 
1975 
1976 
1977 
1978 
1979 
1980 
1981 
1982 
1983 
1984 
1985 
1986 
1987 
1988 
1989 
1990 
1991 
1992 
1993 
1994 
1995 
1996 
1997 
1998 
1999 
4075 
4076 
4077 
4078 
4079 
4080 
4081 
4082 
4083 
4084 
4085 
4086 
4087 
4088 
4089 
4090 
4091 
4092 
4093 
4094 
4095 
)

// ************************************************************************* //
