/*--------------------------------*- C++ -*----------------------------------*\
| =========                 |                                                 |
| \\      /  F ield         | OpenFOAM: The Open Source CFD Toolbox           |
|  \\    /   O peration     | Version:  2.3.0                                 |
|   \\  /    A nd           | Web:      www.OpenFOAM.org                      |
|    \\/     M anipulation  |                                                 |
\*---------------------------------------------------------------------------*/
FoamFile
{
    version     2.0;
    format      ascii;
    class       cellSet;
    location    "constant/polyMesh/sets";
    object      region3;
}
// * * * * * * * * * * * * * * * * * * * * * * * * * * * * * * * * * * * * * //


1250
(
8192 
8193 
8194 
8195 
8196 
8197 
8198 
8199 
6175 
6176 
6177 
6178 
6179 
6180 
6181 
6182 
6183 
6184 
6185 
6186 
6187 
6188 
6189 
6190 
6191 
6192 
6193 
6194 
6195 
6196 
6197 
6198 
6199 
8275 
8276 
8277 
8278 
8279 
8280 
8281 
8282 
8283 
8284 
8285 
8286 
8287 
8288 
8289 
8290 
8291 
8292 
8293 
8294 
8295 
8296 
8297 
8298 
8299 
6275 
6276 
6277 
6278 
6279 
6280 
6281 
6282 
6283 
6284 
6285 
6286 
6287 
6288 
6289 
6290 
6291 
6292 
6293 
6294 
6295 
6296 
6297 
6298 
6299 
8375 
8376 
8377 
8378 
8379 
8380 
8381 
8382 
8383 
8384 
8385 
8386 
8387 
8388 
8389 
8390 
8391 
8392 
8393 
8394 
8395 
8396 
8397 
8398 
8399 
6375 
6376 
6377 
6378 
6379 
6380 
6381 
6382 
6383 
6384 
6385 
6386 
6387 
6388 
6389 
6390 
6391 
6392 
6393 
6394 
6395 
6396 
6397 
6398 
6399 
8475 
8476 
8477 
8478 
8479 
8480 
8481 
8482 
8483 
8484 
8485 
8486 
8487 
8488 
8489 
8490 
8491 
8492 
8493 
8494 
8495 
8496 
8497 
8498 
8499 
6475 
6476 
6477 
6478 
6479 
6480 
6481 
6482 
6483 
6484 
6485 
6486 
6487 
6488 
6489 
6490 
6491 
6492 
6493 
6494 
6495 
6496 
6497 
6498 
6499 
8575 
8576 
8577 
8578 
8579 
8580 
8581 
8582 
8583 
8584 
8585 
8586 
8587 
8588 
8589 
8590 
8591 
8592 
8593 
8594 
8595 
8596 
8597 
8598 
8599 
6575 
6576 
6577 
6578 
6579 
6580 
6581 
6582 
6583 
6584 
6585 
6586 
6587 
6588 
6589 
6590 
6591 
6592 
6593 
6594 
6595 
6596 
6597 
6598 
6599 
8675 
8676 
8677 
8678 
8679 
8680 
8681 
8682 
8683 
8684 
8685 
8686 
8687 
8688 
8689 
8690 
8691 
8692 
8693 
8694 
8695 
8696 
8697 
8698 
8699 
6675 
6676 
6677 
6678 
6679 
6680 
6681 
6682 
6683 
6684 
6685 
6686 
6687 
6688 
6689 
6690 
6691 
6692 
6693 
6694 
6695 
6696 
6697 
6698 
6699 
8775 
8776 
8777 
8778 
8779 
8780 
8781 
8782 
8783 
8784 
8785 
8786 
8787 
8788 
8789 
8790 
8791 
8792 
8793 
8794 
8795 
8796 
8797 
8798 
8799 
6775 
6776 
6777 
6778 
6779 
6780 
6781 
6782 
6783 
6784 
6785 
6786 
6787 
6788 
6789 
6790 
6791 
6792 
6793 
6794 
6795 
6796 
6797 
6798 
6799 
8875 
8876 
8877 
8878 
8879 
8880 
8881 
8882 
8883 
8884 
8885 
8886 
8887 
8888 
8889 
8890 
8891 
8892 
8893 
8894 
8895 
8896 
8897 
8898 
8899 
6875 
6876 
6877 
6878 
6879 
6880 
6881 
6882 
6883 
6884 
6885 
6886 
6887 
6888 
6889 
6890 
6891 
6892 
6893 
6894 
6895 
6896 
6897 
6898 
6899 
8975 
8976 
8977 
8978 
8979 
8980 
8981 
8982 
8983 
8984 
8985 
8986 
8987 
8988 
8989 
8990 
8991 
8992 
8993 
8994 
8995 
8996 
8997 
8998 
8999 
6975 
6976 
6977 
6978 
6979 
6980 
6981 
6982 
6983 
6984 
6985 
6986 
6987 
6988 
6989 
6990 
6991 
6992 
6993 
6994 
6995 
6996 
6997 
6998 
6999 
9075 
9076 
9077 
9078 
9079 
9080 
9081 
9082 
9083 
9084 
9085 
9086 
9087 
9088 
9089 
9090 
9091 
9092 
9093 
9094 
9095 
9096 
9097 
9098 
9099 
7075 
7076 
7077 
7078 
7079 
7080 
7081 
7082 
7083 
7084 
7085 
7086 
7087 
7088 
7089 
7090 
7091 
7092 
7093 
7094 
7095 
7096 
7097 
7098 
7099 
5075 
5076 
5077 
5078 
9175 
5079 
9176 
5080 
9177 
5081 
9178 
5082 
9179 
5083 
9180 
5084 
9181 
5085 
9182 
5086 
9183 
5087 
9184 
5088 
9185 
5089 
9186 
5090 
9187 
5091 
9188 
5092 
9189 
5093 
9190 
5094 
9191 
5095 
9192 
5096 
9193 
5097 
9194 
5098 
9195 
5099 
9196 
9197 
9198 
9199 
7175 
7176 
7177 
7178 
7179 
7180 
7181 
7182 
7183 
7184 
7185 
7186 
7187 
7188 
7189 
7190 
7191 
7192 
7193 
7194 
7195 
7196 
7197 
7198 
7199 
5175 
5176 
5177 
5178 
9275 
5179 
9276 
5180 
9277 
5181 
9278 
5182 
9279 
5183 
9280 
5184 
9281 
5185 
9282 
5186 
9283 
5187 
9284 
5188 
9285 
5189 
9286 
5190 
9287 
5191 
9288 
5192 
9289 
5193 
9290 
5194 
9291 
5195 
9292 
5196 
9293 
5197 
9294 
5198 
9295 
5199 
9296 
9297 
9298 
9299 
7275 
7276 
7277 
7278 
7279 
7280 
7281 
7282 
7283 
7284 
7285 
7286 
7287 
7288 
7289 
7290 
7291 
7292 
7293 
7294 
7295 
7296 
7297 
7298 
7299 
5275 
5276 
5277 
5278 
9375 
5279 
9376 
5280 
9377 
5281 
9378 
5282 
9379 
5283 
9380 
5284 
9381 
5285 
9382 
5286 
9383 
5287 
9384 
5288 
9385 
5289 
9386 
5290 
9387 
5291 
9388 
5292 
9389 
5293 
9390 
5294 
9391 
5295 
9392 
5296 
9393 
5297 
9394 
5298 
9395 
5299 
9396 
9397 
9398 
9399 
7375 
7376 
7377 
7378 
7379 
7380 
7381 
7382 
7383 
7384 
7385 
7386 
7387 
7388 
7389 
7390 
7391 
7392 
7393 
7394 
7395 
7396 
7397 
7398 
7399 
5375 
5376 
5377 
5378 
9475 
5379 
9476 
5380 
9477 
5381 
9478 
5382 
9479 
5383 
9480 
5384 
9481 
5385 
9482 
5386 
9483 
5387 
9484 
5388 
9485 
5389 
9486 
5390 
9487 
5391 
9488 
5392 
9489 
5393 
9490 
5394 
9491 
5395 
9492 
5396 
9493 
5397 
9494 
5398 
9495 
5399 
9496 
9497 
9498 
9499 
7475 
7476 
7477 
7478 
7479 
7480 
7481 
7482 
7483 
7484 
7485 
7486 
7487 
7488 
7489 
7490 
7491 
7492 
7493 
7494 
7495 
7496 
7497 
7498 
7499 
5475 
5476 
5477 
5478 
9575 
5479 
9576 
5480 
9577 
5481 
9578 
5482 
9579 
5483 
9580 
5484 
9581 
5485 
9582 
5486 
9583 
5487 
9584 
5488 
9585 
5489 
9586 
5490 
9587 
5491 
9588 
5492 
9589 
5493 
9590 
5494 
9591 
5495 
9592 
5496 
9593 
5497 
9594 
5498 
9595 
5499 
9596 
9597 
9598 
9599 
7575 
7576 
7577 
7578 
7579 
7580 
7581 
7582 
7583 
7584 
7585 
7586 
7587 
7588 
7589 
7590 
7591 
7592 
7593 
7594 
7595 
7596 
7597 
7598 
7599 
5575 
5576 
5577 
5578 
9675 
5579 
9676 
5580 
9677 
5581 
9678 
5582 
9679 
5583 
9680 
5584 
9681 
5585 
9682 
5586 
9683 
5587 
9684 
5588 
9685 
5589 
9686 
5590 
9687 
5591 
9688 
5592 
9689 
5593 
9690 
5594 
9691 
5595 
9692 
5596 
9693 
5597 
9694 
5598 
9695 
5599 
9696 
9697 
9698 
9699 
7675 
7676 
7677 
7678 
7679 
7680 
7681 
7682 
7683 
7684 
7685 
7686 
7687 
7688 
7689 
7690 
7691 
7692 
7693 
7694 
7695 
7696 
7697 
7698 
7699 
5675 
5676 
5677 
5678 
9775 
5679 
9776 
5680 
9777 
5681 
9778 
5682 
9779 
5683 
9780 
5684 
9781 
5685 
9782 
5686 
9783 
5687 
9784 
5688 
9785 
5689 
9786 
5690 
9787 
5691 
9788 
5692 
9789 
5693 
9790 
5694 
9791 
5695 
9792 
5696 
9793 
5697 
9794 
5698 
9795 
5699 
9796 
9797 
9798 
9799 
7775 
7776 
7777 
7778 
7779 
7780 
7781 
7782 
7783 
7784 
7785 
7786 
7787 
7788 
7789 
7790 
7791 
7792 
7793 
7794 
7795 
7796 
7797 
7798 
7799 
5775 
5776 
5777 
5778 
9875 
5779 
9876 
5780 
9877 
5781 
9878 
5782 
9879 
5783 
9880 
5784 
9881 
5785 
9882 
5786 
9883 
5787 
9884 
5788 
9885 
5789 
9886 
5790 
9887 
5791 
9888 
5792 
9889 
5793 
9890 
5794 
9891 
5795 
9892 
5796 
9893 
5797 
9894 
5798 
9895 
5799 
9896 
9897 
9898 
9899 
7875 
7876 
7877 
7878 
7879 
7880 
7881 
7882 
7883 
7884 
7885 
7886 
7887 
7888 
7889 
7890 
7891 
7892 
7893 
7894 
7895 
7896 
7897 
7898 
7899 
5875 
5876 
5877 
5878 
9975 
5879 
9976 
5880 
9977 
5881 
9978 
5882 
9979 
5883 
9980 
5884 
9981 
5885 
9982 
5886 
9983 
5887 
9984 
5888 
9985 
5889 
9986 
5890 
9987 
5891 
9988 
5892 
9989 
5893 
9990 
5894 
9991 
5895 
9992 
5896 
9993 
5897 
9994 
5898 
9995 
5899 
9996 
9997 
9998 
9999 
7975 
7976 
7977 
7978 
7979 
7980 
7981 
7982 
7983 
7984 
7985 
7986 
7987 
7988 
7989 
7990 
7991 
7992 
7993 
7994 
7995 
7996 
7997 
7998 
7999 
5975 
5976 
5977 
5978 
5979 
5980 
5981 
5982 
5983 
5984 
5985 
5986 
5987 
5988 
5989 
5990 
5991 
5992 
5993 
5994 
5995 
5996 
5997 
5998 
5999 
8075 
8076 
8077 
8078 
8079 
8080 
8081 
8082 
8083 
8084 
8085 
8086 
8087 
8088 
8089 
8090 
8091 
8092 
8093 
8094 
8095 
8096 
8097 
8098 
8099 
6075 
6076 
6077 
6078 
6079 
6080 
6081 
6082 
6083 
6084 
6085 
6086 
6087 
6088 
6089 
6090 
6091 
6092 
6093 
6094 
6095 
6096 
6097 
6098 
6099 
8175 
8176 
8177 
8178 
8179 
8180 
8181 
8182 
8183 
8184 
8185 
8186 
8187 
8188 
8189 
8190 
8191 
)

// ************************************************************************* //
