/*--------------------------------*- C++ -*----------------------------------*\
| =========                 |                                                 |
| \\      /  F ield         | OpenFOAM: The Open Source CFD Toolbox           |
|  \\    /   O peration     | Version:  2.3.0                                 |
|   \\  /    A nd           | Web:      www.OpenFOAM.org                      |
|    \\/     M anipulation  |                                                 |
\*---------------------------------------------------------------------------*/
FoamFile
{
    version     2.0;
    format      ascii;
    class       regIOobject;
    location    "constant/polyMesh";
    object      faceZones;
}
// * * * * * * * * * * * * * * * * * * * * * * * * * * * * * * * * * * * * * //

8
(
tapaIzquierda
{
    type faceZone;
faceLabels      List<label> 
100
(
122
321
520
719
918
1117
1316
1515
1714
1913
2112
2311
2510
2709
2908
3107
3306
3505
3704
3903
4102
4301
4500
4699
4898
5097
5296
5495
5694
5893
6092
6291
6490
6689
6888
7087
7286
7485
7684
7883
8082
8281
8480
8679
8878
9077
9276
9475
9674
9812
9972
10171
10370
10569
10768
10967
11166
11365
11564
11763
11962
12161
12360
12559
12758
12957
13156
13355
13554
13753
13952
14151
14350
14549
14748
14947
15146
15345
15544
15743
15942
16141
16340
16539
16738
16937
17136
17335
17534
17733
17932
18131
18330
18529
18728
18927
19126
19325
19524
19662
)
;
flipMap         List<bool> 100{1};
}

tapaDerecha
{
    type faceZone;
faceLabels      List<label> 
100
(
172
371
570
769
968
1167
1366
1565
1764
1963
2162
2361
2560
2759
2958
3157
3356
3555
3754
3953
4152
4351
4550
4749
4948
5147
5346
5545
5744
5943
6142
6341
6540
6739
6938
7137
7336
7535
7734
7933
8132
8331
8530
8729
8928
9127
9326
9525
9724
9837
10022
10221
10420
10619
10818
11017
11216
11415
11614
11813
12012
12211
12410
12609
12808
13007
13206
13405
13604
13803
14002
14201
14400
14599
14798
14997
15196
15395
15594
15793
15992
16191
16390
16589
16788
16987
17186
17385
17584
17783
17982
18181
18380
18579
18778
18977
19176
19375
19574
19687
)
;
flipMap         List<bool> 100{0};
}

tapaArriba
{
    type faceZone;
faceLabels      0();
flipMap         0();
}

tapaAbajo
{
    type faceZone;
faceLabels      0();
flipMap         0();
}

vertical2Izq
{
    type faceZone;
faceLabels      List<label> 
100
(
40101
40103
40105
40107
40109
40111
40113
40115
40117
40119
40121
40123
40125
40127
40129
40131
40133
40135
40137
40139
40141
40143
40145
40147
40149
40151
40153
40155
40157
40159
40161
40163
40165
40167
40169
40171
40173
40175
40177
40179
40181
40183
40185
40187
40189
40191
40193
40195
40197
40199
40201
40203
40205
40207
40209
40211
40213
40215
40217
40219
40221
40223
40225
40227
40229
40231
40233
40235
40237
40239
40241
40243
40245
40247
40249
40251
40253
40255
40257
40259
40261
40263
40265
40267
40269
40271
40273
40275
40277
40279
40281
40283
40285
40287
40289
40291
40293
40295
40297
40299
)
;
flipMap         List<bool> 100{1};
}

horizontal1Inf
{
    type faceZone;
faceLabels      List<label> 
100
(
39900
39901
39902
39903
39904
39905
39906
39907
39908
39909
39910
39911
39912
39913
39914
39915
39916
39917
39918
39919
39920
39921
39922
39923
39924
39925
39926
39927
39928
39929
39930
39931
39932
39933
39934
39935
39936
39937
39938
39939
39940
39941
39942
39943
39944
39945
39946
39947
39948
39949
39950
39951
39952
39953
39954
39955
39956
39957
39958
39959
39960
39961
39962
39963
39964
39965
39966
39967
39968
39969
39970
39971
39972
39973
39974
39975
39976
39977
39978
39979
39980
39981
39982
39983
39984
39985
39986
39987
39988
39989
39990
39991
39992
39993
39994
39995
39996
39997
39998
39999
)
;
flipMap         List<bool> 100{1};
}

vertical1Der
{
    type faceZone;
faceLabels      List<label> 
100
(
40100
40102
40104
40106
40108
40110
40112
40114
40116
40118
40120
40122
40124
40126
40128
40130
40132
40134
40136
40138
40140
40142
40144
40146
40148
40150
40152
40154
40156
40158
40160
40162
40164
40166
40168
40170
40172
40174
40176
40178
40180
40182
40184
40186
40188
40190
40192
40194
40196
40198
40200
40202
40204
40206
40208
40210
40212
40214
40216
40218
40220
40222
40224
40226
40228
40230
40232
40234
40236
40238
40240
40242
40244
40246
40248
40250
40252
40254
40256
40258
40260
40262
40264
40266
40268
40270
40272
40274
40276
40278
40280
40282
40284
40286
40288
40290
40292
40294
40296
40298
)
;
flipMap         List<bool> 100{1};
}

horizontal2Sup
{
    type faceZone;
faceLabels      List<label> 
100
(
40000
40001
40002
40003
40004
40005
40006
40007
40008
40009
40010
40011
40012
40013
40014
40015
40016
40017
40018
40019
40020
40021
40022
40023
40024
40025
40026
40027
40028
40029
40030
40031
40032
40033
40034
40035
40036
40037
40038
40039
40040
40041
40042
40043
40044
40045
40046
40047
40048
40049
40050
40051
40052
40053
40054
40055
40056
40057
40058
40059
40060
40061
40062
40063
40064
40065
40066
40067
40068
40069
40070
40071
40072
40073
40074
40075
40076
40077
40078
40079
40080
40081
40082
40083
40084
40085
40086
40087
40088
40089
40090
40091
40092
40093
40094
40095
40096
40097
40098
40099
)
;
flipMap         List<bool> 100{1};
}
)

// ************************************************************************* //
