/*--------------------------------*- C++ -*----------------------------------*\
| =========                 |                                                 |
| \\      /  F ield         | OpenFOAM: The Open Source CFD Toolbox           |
|  \\    /   O peration     | Version:  2.3.0                                 |
|   \\  /    A nd           | Web:      www.OpenFOAM.org                      |
|    \\/     M anipulation  |                                                 |
\*---------------------------------------------------------------------------*/
FoamFile
{
    version     2.0;
    format      ascii;
    class       regIOobject;
    location    "constant/polyMesh";
    object      cellZones;
}
// * * * * * * * * * * * * * * * * * * * * * * * * * * * * * * * * * * * * * //

4
(
c0
{
    type cellZone;
cellLabels      0();
}

movilHorizontal
{
    type cellZone;
cellLabels      List<label> 
1644
(
12963
12964
12965
12966
12967
12968
12969
12970
12971
12972
12973
12974
12975
12976
12977
12978
12979
12980
12981
12982
12983
12984
12985
12986
12987
12988
12989
12990
12991
12992
12993
12994
12995
12996
12997
12998
12999
13000
13001
13002
13003
13004
13005
13006
13007
13008
13009
13010
13011
13012
13013
13014
13015
13016
13017
13018
13019
13020
13021
13022
13023
13024
13025
13026
13027
13028
13029
13030
13031
13032
13033
13034
13035
13036
13037
13038
13039
13040
13041
13042
13043
13044
13045
13046
13047
13048
13049
13050
13051
13052
13053
13054
13055
13056
13057
13058
13059
13060
13061
13062
13063
13064
13065
13066
13067
13068
13069
13070
13071
13072
13073
13074
13075
13076
13077
13078
13079
13080
13081
13082
13083
13084
13085
13086
13087
13088
13089
13090
13091
13092
13093
13094
13095
13096
13097
13098
13099
13112
13113
13114
13115
13116
13117
13118
13119
13120
13121
13122
13123
13124
13125
13126
13127
13128
13129
13130
13131
13132
13133
13134
13135
13136
13137
13138
13139
13140
13141
13142
13143
13144
13145
13146
13147
13148
13149
13150
13151
13152
13153
13154
13155
13156
13157
13158
13159
13160
13161
13162
13163
13164
13165
13166
13167
13168
13169
13170
13171
13172
13173
13174
13175
13176
13177
13178
13179
13180
13181
13182
13183
13184
13185
13186
13187
13188
13189
13190
13191
13192
13193
13194
13195
13196
13197
13198
13199
13200
13201
13202
13203
13204
13205
13206
13207
13208
13209
13210
13211
13212
13213
13214
13215
13216
13217
13218
13219
13220
13221
13222
13223
13224
13225
13226
13227
13228
13229
13230
13231
13232
13233
13234
13235
13236
13237
13238
13239
13240
13241
13242
13243
13244
13245
13246
13247
13248
13261
13262
13263
13264
13265
13266
13267
13268
13269
13270
13271
13272
13273
13274
13275
13276
13277
13278
13279
13280
13281
13282
13283
13284
13285
13286
13287
13288
13289
13290
13291
13292
13293
13294
13295
13296
13297
13298
13299
13300
13301
13302
13303
13304
13305
13306
13307
13308
13309
13310
13311
13312
13313
13314
13315
13316
13317
13318
13319
13320
13321
13322
13323
13324
13325
13326
13327
13328
13329
13330
13331
13332
13333
13334
13335
13336
13337
13338
13339
13340
13341
13342
13343
13344
13345
13346
13347
13348
13349
13350
13351
13352
13353
13354
13355
13356
13357
13358
13359
13360
13361
13362
13363
13364
13365
13366
13367
13368
13369
13370
13371
13372
13373
13374
13375
13376
13377
13378
13379
13380
13381
13382
13383
13384
13385
13386
13387
13388
13389
13390
13391
13392
13393
13394
13395
13396
13397
13410
13411
13412
13413
13414
13415
13416
13417
13418
13419
13420
13421
13422
13423
13424
13425
13426
13427
13428
13429
13430
13431
13432
13433
13434
13435
13436
13437
13438
13439
13440
13441
13442
13443
13444
13445
13446
13447
13448
13449
13450
13451
13452
13453
13454
13455
13456
13457
13458
13459
13460
13461
13462
13463
13464
13465
13466
13467
13468
13469
13470
13471
13472
13473
13474
13475
13476
13477
13478
13479
13480
13481
13482
13483
13484
13485
13486
13487
13488
13489
13490
13491
13492
13493
13494
13495
13496
13497
13498
13499
13500
13501
13502
13503
13504
13505
13506
13507
13508
13509
13510
13511
13512
13513
13514
13515
13516
13517
13518
13519
13520
13521
13522
13523
13524
13525
13526
13527
13528
13529
13530
13531
13532
13533
13534
13535
13536
13537
13538
13539
13540
13541
13542
13543
13544
13545
13546
13559
13560
13561
13562
13563
13564
13565
13566
13567
13568
13569
13570
13571
13572
13573
13574
13575
13576
13577
13578
13579
13580
13581
13582
13583
13584
13585
13586
13587
13588
13589
13590
13591
13592
13593
13594
13595
13596
13597
13598
13599
13600
13601
13602
13603
13604
13605
13606
13607
13608
13609
13610
13611
13612
13613
13614
13615
13616
13617
13618
13619
13620
13621
13622
13623
13624
13625
13626
13627
13628
13629
13630
13631
13632
13633
13634
13635
13636
13637
13638
13639
13640
13641
13642
13643
13644
13645
13646
13647
13648
13649
13650
13651
13652
13653
13654
13655
13656
13657
13658
13659
13660
13661
13662
13663
13664
13665
13666
13667
13668
13669
13670
13671
13672
13673
13674
13675
13676
13677
13678
13679
13680
13681
13682
13683
13684
13685
13686
13687
13688
13689
13690
13691
13692
13693
13694
13695
13708
13709
13710
13711
13712
13713
13714
13715
13716
13717
13718
13719
13720
13721
13722
13723
13724
13725
13726
13727
13728
13729
13730
13731
13732
13733
13734
13735
13736
13737
13738
13739
13740
13741
13742
13743
13744
13745
13746
13747
13748
13749
13750
13751
13752
13753
13754
13755
13756
13757
13758
13759
13760
13761
13762
13763
13764
13765
13766
13767
13768
13769
13770
13771
13772
13773
13774
13775
13776
13777
13778
13779
13780
13781
13782
13783
13784
13785
13786
13787
13788
13789
13790
13791
13792
13793
13794
13795
13796
13797
13798
13799
13800
13801
13802
13803
13804
13805
13806
13807
13808
13809
13810
13811
13812
13813
13814
13815
13816
13817
13818
13819
13820
13821
13822
13823
13824
13825
13826
13827
13828
13829
13830
13831
13832
13833
13834
13835
13836
13837
13838
13839
13840
13841
13842
13843
13844
13857
13858
13859
13860
13861
13862
13863
13864
13865
13866
13867
13868
13869
13870
13871
13872
13873
13874
13875
13876
13877
13878
13879
13880
13881
13882
13883
13884
13885
13886
13887
13888
13889
13890
13891
13892
13893
13894
13895
13896
13897
13898
13899
13900
13901
13902
13903
13904
13905
13906
13907
13908
13909
13910
13911
13912
13913
13914
13915
13916
13917
13918
13919
13920
13921
13922
13923
13924
13925
13926
13927
13928
13929
13930
13931
13932
13933
13934
13935
13936
13937
13938
13939
13940
13941
13942
13943
13944
13945
13946
13947
13948
13949
13950
13951
13952
13953
13954
13955
13956
13957
13958
13959
13960
13961
13962
13963
13964
13965
13966
13967
13968
13969
13970
13971
13972
13973
13974
13975
13976
13977
13978
13979
13980
13981
13982
13983
13984
13985
13986
13987
13988
13989
13990
13991
13992
13993
14006
14007
14008
14009
14010
14011
14012
14013
14014
14015
14016
14017
14018
14019
14020
14021
14022
14023
14024
14025
14026
14027
14028
14029
14030
14031
14032
14033
14034
14035
14036
14037
14038
14039
14040
14041
14042
14043
14044
14045
14046
14047
14048
14049
14050
14051
14052
14053
14054
14055
14056
14057
14058
14059
14060
14061
14062
14063
14064
14065
14066
14067
14068
14069
14070
14071
14072
14073
14074
14075
14076
14077
14078
14079
14080
14081
14082
14083
14084
14085
14086
14087
14088
14089
14090
14091
14092
14093
14094
14095
14096
14097
14098
14099
14100
14101
14102
14103
14104
14105
14106
14107
14108
14109
14110
14111
14112
14113
14114
14115
14116
14117
14118
14119
14120
14121
14122
14123
14124
14125
14126
14127
14128
14129
14130
14131
14132
14133
14134
14135
14136
14137
14138
14139
14140
14141
14142
14155
14156
14157
14158
14159
14160
14161
14162
14163
14164
14165
14166
14167
14168
14169
14170
14171
14172
14173
14174
14175
14176
14177
14178
14179
14180
14181
14182
14183
14184
14185
14186
14187
14188
14189
14190
14191
14192
14193
14194
14195
14196
14197
14198
14199
14200
14201
14202
14203
14204
14205
14206
14207
14208
14209
14210
14211
14212
14213
14214
14215
14216
14217
14218
14219
14220
14221
14222
14223
14224
14225
14226
14227
14228
14229
14230
14231
14232
14233
14234
14235
14236
14237
14238
14239
14240
14241
14242
14243
14244
14245
14246
14247
14248
14249
14250
14251
14252
14253
14254
14255
14256
14257
14258
14259
14260
14261
14262
14263
14264
14265
14266
14267
14268
14269
14270
14271
14272
14273
14274
14275
14276
14277
14278
14279
14280
14281
14282
14283
14284
14285
14286
14287
14288
14289
14290
14291
14304
14305
14306
14307
14308
14309
14310
14311
14312
14313
14314
14315
14316
14317
14318
14319
14320
14321
14322
14323
14324
14325
14326
14327
14328
14329
14330
14331
14332
14333
14334
14335
14336
14337
14338
14339
14340
14341
14342
14343
14344
14345
14346
14347
14348
14349
14350
14351
14352
14353
14354
14355
14356
14357
14358
14359
14360
14361
14362
14363
14364
14365
14366
14367
14368
14369
14370
14371
14372
14373
14374
14375
14376
14377
14378
14379
14380
14381
14382
14383
14384
14385
14386
14387
14388
14389
14390
14391
14392
14393
14394
14395
14396
14397
14398
14399
14400
14401
14402
14403
14404
14405
14406
14407
14408
14409
14410
14411
14412
14413
14414
14415
14416
14417
14418
14419
14420
14421
14422
14423
14424
14425
14426
14427
14428
14429
14430
14431
14432
14433
14434
14435
14436
14437
14438
14439
14440
14453
14454
14455
14456
14457
14458
14459
14460
14461
14462
14463
14464
14465
14466
14467
14468
14469
14470
14471
14472
14473
14474
14475
14476
14477
14478
14479
14480
14481
14482
14483
14484
14485
14486
14487
14488
14489
14490
14491
14492
14493
14494
14495
14496
14497
14498
14499
14500
14501
14502
14503
14504
14505
14506
14507
14508
14509
14510
14511
14512
14513
14514
14515
14516
14517
14518
14519
14520
14521
14522
14523
14524
14525
14526
14527
14528
14529
14530
14531
14532
14533
14534
14535
14536
14537
14538
14539
14540
14541
14542
14543
14544
14545
14546
14547
14548
14549
14550
14551
14552
14553
14554
14555
14556
14557
14558
14559
14560
14561
14562
14563
14564
14565
14566
14567
14568
14569
14570
14571
14572
14573
14574
14575
14576
14577
14578
14579
14580
14581
14582
14583
14584
14585
14586
14587
14588
14589
14602
14603
14604
14605
14606
14607
14608
14609
14610
14611
14612
14613
14614
14615
14616
14617
14618
14619
14620
14621
14622
14623
14624
14625
14626
14627
14628
14629
14630
14631
14632
14633
14634
14635
14636
14637
14638
14639
14640
14641
14642
14643
14644
14645
14646
14647
14648
14649
14650
14651
14652
14653
14654
14655
14656
14657
14658
14659
14660
14661
14662
14663
14664
14665
14666
14667
14668
14669
14670
14671
14672
14673
14674
14675
14676
14677
14678
14679
14680
14681
14682
14683
14684
14685
14686
14687
14688
14689
14690
14691
14692
14693
14694
14695
14696
14697
14698
14699
14700
14701
14702
14703
14704
14705
14706
14707
14708
14709
14710
14711
14712
14713
14714
14715
14716
14717
14718
14719
14720
14721
14722
14723
14724
14725
14726
14727
14728
14729
14730
14731
14732
14733
14734
14735
14736
14737
14738
)
;
}

movilVertical
{
    type cellZone;
cellLabels      List<label> 
1044
(
137
138
139
140
141
142
143
144
145
146
147
148
286
287
288
289
290
291
292
293
294
295
296
297
435
436
437
438
439
440
441
442
443
444
445
446
584
585
586
587
588
589
590
591
592
593
594
595
733
734
735
736
737
738
739
740
741
742
743
744
882
883
884
885
886
887
888
889
890
891
892
893
1031
1032
1033
1034
1035
1036
1037
1038
1039
1040
1041
1042
1180
1181
1182
1183
1184
1185
1186
1187
1188
1189
1190
1191
1329
1330
1331
1332
1333
1334
1335
1336
1337
1338
1339
1340
1478
1479
1480
1481
1482
1483
1484
1485
1486
1487
1488
1489
1627
1628
1629
1630
1631
1632
1633
1634
1635
1636
1637
1638
1776
1777
1778
1779
1780
1781
1782
1783
1784
1785
1786
1787
1925
1926
1927
1928
1929
1930
1931
1932
1933
1934
1935
1936
2074
2075
2076
2077
2078
2079
2080
2081
2082
2083
2084
2085
2223
2224
2225
2226
2227
2228
2229
2230
2231
2232
2233
2234
2372
2373
2374
2375
2376
2377
2378
2379
2380
2381
2382
2383
2521
2522
2523
2524
2525
2526
2527
2528
2529
2530
2531
2532
2670
2671
2672
2673
2674
2675
2676
2677
2678
2679
2680
2681
2819
2820
2821
2822
2823
2824
2825
2826
2827
2828
2829
2830
2968
2969
2970
2971
2972
2973
2974
2975
2976
2977
2978
2979
3117
3118
3119
3120
3121
3122
3123
3124
3125
3126
3127
3128
3266
3267
3268
3269
3270
3271
3272
3273
3274
3275
3276
3277
3415
3416
3417
3418
3419
3420
3421
3422
3423
3424
3425
3426
3564
3565
3566
3567
3568
3569
3570
3571
3572
3573
3574
3575
3713
3714
3715
3716
3717
3718
3719
3720
3721
3722
3723
3724
3862
3863
3864
3865
3866
3867
3868
3869
3870
3871
3872
3873
4011
4012
4013
4014
4015
4016
4017
4018
4019
4020
4021
4022
4160
4161
4162
4163
4164
4165
4166
4167
4168
4169
4170
4171
4309
4310
4311
4312
4313
4314
4315
4316
4317
4318
4319
4320
4458
4459
4460
4461
4462
4463
4464
4465
4466
4467
4468
4469
4607
4608
4609
4610
4611
4612
4613
4614
4615
4616
4617
4618
4756
4757
4758
4759
4760
4761
4762
4763
4764
4765
4766
4767
4905
4906
4907
4908
4909
4910
4911
4912
4913
4914
4915
4916
5054
5055
5056
5057
5058
5059
5060
5061
5062
5063
5064
5065
5203
5204
5205
5206
5207
5208
5209
5210
5211
5212
5213
5214
5352
5353
5354
5355
5356
5357
5358
5359
5360
5361
5362
5363
5501
5502
5503
5504
5505
5506
5507
5508
5509
5510
5511
5512
5650
5651
5652
5653
5654
5655
5656
5657
5658
5659
5660
5661
5799
5800
5801
5802
5803
5804
5805
5806
5807
5808
5809
5810
5948
5949
5950
5951
5952
5953
5954
5955
5956
5957
5958
5959
6097
6098
6099
6100
6101
6102
6103
6104
6105
6106
6107
6108
6246
6247
6248
6249
6250
6251
6252
6253
6254
6255
6256
6257
6395
6396
6397
6398
6399
6400
6401
6402
6403
6404
6405
6406
6544
6545
6546
6547
6548
6549
6550
6551
6552
6553
6554
6555
6693
6694
6695
6696
6697
6698
6699
6700
6701
6702
6703
6704
6842
6843
6844
6845
6846
6847
6848
6849
6850
6851
6852
6853
6991
6992
6993
6994
6995
6996
6997
6998
6999
7000
7001
7002
7140
7141
7142
7143
7144
7145
7146
7147
7148
7149
7150
7151
7289
7290
7291
7292
7293
7294
7295
7296
7297
7298
7299
7300
7438
7439
7440
7441
7442
7443
7444
7445
7446
7447
7448
7449
7587
7588
7589
7590
7591
7592
7593
7594
7595
7596
7597
7598
7736
7737
7738
7739
7740
7741
7742
7743
7744
7745
7746
7747
7885
7886
7887
7888
7889
7890
7891
7892
7893
7894
7895
7896
8034
8035
8036
8037
8038
8039
8040
8041
8042
8043
8044
8045
8183
8184
8185
8186
8187
8188
8189
8190
8191
8192
8193
8194
8332
8333
8334
8335
8336
8337
8338
8339
8340
8341
8342
8343
8481
8482
8483
8484
8485
8486
8487
8488
8489
8490
8491
8492
8630
8631
8632
8633
8634
8635
8636
8637
8638
8639
8640
8641
8779
8780
8781
8782
8783
8784
8785
8786
8787
8788
8789
8790
8928
8929
8930
8931
8932
8933
8934
8935
8936
8937
8938
8939
9077
9078
9079
9080
9081
9082
9083
9084
9085
9086
9087
9088
9226
9227
9228
9229
9230
9231
9232
9233
9234
9235
9236
9237
9375
9376
9377
9378
9379
9380
9381
9382
9383
9384
9385
9386
9524
9525
9526
9527
9528
9529
9530
9531
9532
9533
9534
9535
9673
9674
9675
9676
9677
9678
9679
9680
9681
9682
9683
9684
9822
9823
9824
9825
9826
9827
9828
9829
9830
9831
9832
9833
9971
9972
9973
9974
9975
9976
9977
9978
9979
9980
9981
9982
10120
10121
10122
10123
10124
10125
10126
10127
10128
10129
10130
10131
10269
10270
10271
10272
10273
10274
10275
10276
10277
10278
10279
10280
10418
10419
10420
10421
10422
10423
10424
10425
10426
10427
10428
10429
10567
10568
10569
10570
10571
10572
10573
10574
10575
10576
10577
10578
10716
10717
10718
10719
10720
10721
10722
10723
10724
10725
10726
10727
10865
10866
10867
10868
10869
10870
10871
10872
10873
10874
10875
10876
11014
11015
11016
11017
11018
11019
11020
11021
11022
11023
11024
11025
11163
11164
11165
11166
11167
11168
11169
11170
11171
11172
11173
11174
11312
11313
11314
11315
11316
11317
11318
11319
11320
11321
11322
11323
11461
11462
11463
11464
11465
11466
11467
11468
11469
11470
11471
11472
11610
11611
11612
11613
11614
11615
11616
11617
11618
11619
11620
11621
11759
11760
11761
11762
11763
11764
11765
11766
11767
11768
11769
11770
11908
11909
11910
11911
11912
11913
11914
11915
11916
11917
11918
11919
12057
12058
12059
12060
12061
12062
12063
12064
12065
12066
12067
12068
12206
12207
12208
12209
12210
12211
12212
12213
12214
12215
12216
12217
12355
12356
12357
12358
12359
12360
12361
12362
12363
12364
12365
12366
12504
12505
12506
12507
12508
12509
12510
12511
12512
12513
12514
12515
12653
12654
12655
12656
12657
12658
12659
12660
12661
12662
12663
12664
12802
12803
12804
12805
12806
12807
12808
12809
12810
12811
12812
12813
12951
12952
12953
12954
12955
12956
12957
12958
12959
12960
12961
12962
)
;
}

cubo
{
    type cellZone;
cellLabels      List<label> 
144
(
13100
13101
13102
13103
13104
13105
13106
13107
13108
13109
13110
13111
13249
13250
13251
13252
13253
13254
13255
13256
13257
13258
13259
13260
13398
13399
13400
13401
13402
13403
13404
13405
13406
13407
13408
13409
13547
13548
13549
13550
13551
13552
13553
13554
13555
13556
13557
13558
13696
13697
13698
13699
13700
13701
13702
13703
13704
13705
13706
13707
13845
13846
13847
13848
13849
13850
13851
13852
13853
13854
13855
13856
13994
13995
13996
13997
13998
13999
14000
14001
14002
14003
14004
14005
14143
14144
14145
14146
14147
14148
14149
14150
14151
14152
14153
14154
14292
14293
14294
14295
14296
14297
14298
14299
14300
14301
14302
14303
14441
14442
14443
14444
14445
14446
14447
14448
14449
14450
14451
14452
14590
14591
14592
14593
14594
14595
14596
14597
14598
14599
14600
14601
14739
14740
14741
14742
14743
14744
14745
14746
14747
14748
14749
14750
)
;
}
)

// ************************************************************************* //
