/*--------------------------------*- C++ -*----------------------------------*\
| =========                 |                                                 |
| \\      /  F ield         | OpenFOAM: The Open Source CFD Toolbox           |
|  \\    /   O peration     | Version:  2.3.0                                 |
|   \\  /    A nd           | Web:      www.OpenFOAM.org                      |
|    \\/     M anipulation  |                                                 |
\*---------------------------------------------------------------------------*/
FoamFile
{
    version     2.0;
    format      ascii;
    class       regIOobject;
    location    "constant/polyMesh";
    object      pointZones;
}
// * * * * * * * * * * * * * * * * * * * * * * * * * * * * * * * * * * * * * //

1
(
cuboPuntos
{
    type pointZone;
pointLabels     List<label> 
338
(
13187
13188
13189
13190
13191
13192
13193
13194
13195
13196
13197
13198
13199
13337
13338
13339
13340
13341
13342
13343
13344
13345
13346
13347
13348
13349
13487
13488
13489
13490
13491
13492
13493
13494
13495
13496
13497
13498
13499
13637
13638
13639
13640
13641
13642
13643
13644
13645
13646
13647
13648
13649
13787
13788
13789
13790
13791
13792
13793
13794
13795
13796
13797
13798
13799
13937
13938
13939
13940
13941
13942
13943
13944
13945
13946
13947
13948
13949
14087
14088
14089
14090
14091
14092
14093
14094
14095
14096
14097
14098
14099
14237
14238
14239
14240
14241
14242
14243
14244
14245
14246
14247
14248
14249
14387
14388
14389
14390
14391
14392
14393
14394
14395
14396
14397
14398
14399
14537
14538
14539
14540
14541
14542
14543
14544
14545
14546
14547
14548
14549
14687
14688
14689
14690
14691
14692
14693
14694
14695
14696
14697
14698
14699
14837
14838
14839
14840
14841
14842
14843
14844
14845
14846
14847
14848
14849
14987
14988
14989
14990
14991
14992
14993
14994
14995
14996
14997
14998
14999
28187
28188
28189
28190
28191
28192
28193
28194
28195
28196
28197
28198
28199
28337
28338
28339
28340
28341
28342
28343
28344
28345
28346
28347
28348
28349
28487
28488
28489
28490
28491
28492
28493
28494
28495
28496
28497
28498
28499
28637
28638
28639
28640
28641
28642
28643
28644
28645
28646
28647
28648
28649
28787
28788
28789
28790
28791
28792
28793
28794
28795
28796
28797
28798
28799
28937
28938
28939
28940
28941
28942
28943
28944
28945
28946
28947
28948
28949
29087
29088
29089
29090
29091
29092
29093
29094
29095
29096
29097
29098
29099
29237
29238
29239
29240
29241
29242
29243
29244
29245
29246
29247
29248
29249
29387
29388
29389
29390
29391
29392
29393
29394
29395
29396
29397
29398
29399
29537
29538
29539
29540
29541
29542
29543
29544
29545
29546
29547
29548
29549
29687
29688
29689
29690
29691
29692
29693
29694
29695
29696
29697
29698
29699
29837
29838
29839
29840
29841
29842
29843
29844
29845
29846
29847
29848
29849
29987
29988
29989
29990
29991
29992
29993
29994
29995
29996
29997
29998
29999
)
;
}
)

// ************************************************************************* //
